date,price,bedrooms,bathrooms,sqft_living,sqft_lot,floors,waterfront,view,condition,sqft_above,sqft_basement,yr_built,yr_renovated,street,city,statezip,country
02/05/14 0:00,313000,3,1.5,1340,7912,1.5,0,0,3,1340,0,1955,2005,18810 Densmore Ave N,Shoreline,WA 98133,USA
02/05/14 0:00,2384000,5,2.5,3650,9050,2,0,4,5,3370,280,1921,0,709 W Blaine St,Seattle,WA 98119,USA
02/05/14 0:00,342000,3,2,1930,11947,1,0,0,4,1930,0,1966,0,26206-26214 143rd Ave SE,Kent,WA 98042,USA
02/05/14 0:00,420000,3,2.25,2000,8030,1,0,0,4,1000,1000,1963,0,857 170th Pl NE,Bellevue,WA 98008,USA
02/05/14 0:00,550000,4,2.5,1940,10500,1,0,0,4,1140,800,1976,1992,9105 170th Ave NE,Redmond,WA 98052,USA
02/05/14 0:00,490000,2,1,880,6380,1,0,0,3,880,0,1938,1994,522 NE 88th St,Seattle,WA 98115,USA
02/05/14 0:00,335000,2,2,1350,2560,1,0,0,3,1350,0,1976,0,2616 174th Ave NE,Redmond,WA 98052,USA
02/05/14 0:00,482000,4,2.5,2710,35868,2,0,0,3,2710,0,1989,0,23762 SE 253rd Pl,Maple Valley,WA 98038,USA
02/05/14 0:00,452500,3,2.5,2430,88426,1,0,0,4,1570,860,1985,0,46611-46625 SE 129th St,North Bend,WA 98045,USA
02/05/14 0:00,640000,4,2,1520,6200,1.5,0,0,3,1520,0,1945,2010,6811 55th Ave NE,Seattle,WA 98115,USA
02/05/14 0:00,463000,3,1.75,1710,7320,1,0,0,3,1710,0,1948,1994,Burke-Gilman Trail,Lake Forest Park,WA 98155,USA
02/05/14 0:00,1400000,4,2.5,2920,4000,1.5,0,0,5,1910,1010,1909,1988,3838-4098 44th Ave NE,Seattle,WA 98105,USA
02/05/14 0:00,588500,3,1.75,2330,14892,1,0,0,3,1970,360,1980,0,1833 220th Pl NE,Sammamish,WA 98074,USA
02/05/14 0:00,365000,3,1,1090,6435,1,0,0,4,1090,0,1955,2009,2504 SW Portland Ct,Seattle,WA 98106,USA
02/05/14 0:00,1200000,5,2.75,2910,9480,1.5,0,0,3,2910,0,1939,1969,3534 46th Ave NE,Seattle,WA 98105,USA
02/05/14 0:00,242500,3,1.5,1200,9720,1,0,0,4,1200,0,1965,0,14034 SE 201st St,Kent,WA 98042,USA
02/05/14 0:00,419000,3,1.5,1570,6700,1,0,0,4,1570,0,1956,0,15424 SE 9th St,Bellevue,WA 98007,USA
02/05/14 0:00,367500,4,3,3110,7231,2,0,0,3,3110,0,1997,0,11224 SE 306th Pl,Auburn,WA 98092,USA
02/05/14 0:00,257950,3,1.75,1370,5858,1,0,0,3,1370,0,1987,2000,1605 S 245th Pl,Des Moines,WA 98198,USA
02/05/14 0:00,275000,3,1.5,1180,10277,1,0,0,3,1180,0,1983,2009,12425 415th Ave SE,North Bend,WA 98045,USA
02/05/14 0:00,750000,3,1.75,2240,10578,2,0,0,5,1550,690,1923,0,3225 NE 92nd St,Seattle,WA 98115,USA
02/05/14 0:00,435000,4,1,1450,8800,1,0,0,4,1450,0,1954,1979,3922 154th Ave SE,Bellevue,WA 98006,USA
02/05/14 0:00,626000,3,2.25,1750,1572,2.5,0,0,3,1470,280,2005,0,3140 Franklin Ave E,Seattle,WA 98102,USA
02/05/14 0:00,612500,4,2.5,2730,12261,2,0,0,3,2730,0,1991,0,10212 NE 156th Pl,Bothell,WA 98011,USA
02/05/14 0:00,495000,4,1.75,1600,6380,1,0,0,3,1130,470,1959,1989,2021 NE 100th St,Seattle,WA 98125,USA
02/05/14 0:00,285000,3,2.5,2090,10834,1,0,0,4,1360,730,1987,0,27736 23rd Avenue South,Federal Way,WA 98003,USA
02/05/14 0:00,615000,3,1.75,2360,7291,1,0,0,4,1360,1000,1948,0,8436-8438 41st Ave SW,Seattle,WA 98136,USA
02/05/14 0:00,698000,4,2.25,2200,11250,1.5,0,0,5,1300,900,1920,0,1036 4th St,Kirkland,WA 98033,USA
02/05/14 0:00,675000,5,2.5,2820,67518,2,0,0,3,2820,0,1979,2014,23525 SE 32nd Way,Issaquah,WA 98029,USA
02/05/14 0:00,790000,3,2.5,2600,4750,1,0,0,4,1700,900,1951,1999,3314 NW 75th St,Seattle,WA 98117,USA
02/05/14 0:00,382500,4,1.75,1560,8700,1,0,0,4,1560,0,1967,0,14104 119th Ave NE,Kirkland,WA 98034,USA
02/05/14 0:00,499950,4,2.5,2860,3345,2,0,0,3,2190,670,2004,2003,20120 137th Ave NE,Woodinville,WA 98072,USA
02/05/14 0:00,650000,4,2,1820,5000,1.5,0,1,3,1640,180,1945,2010,7201-7399 55th Ave NE,Seattle,WA 98115,USA
02/05/14 0:00,625000,4,2.5,2820,8408,2,0,0,3,2820,0,2014,0,17052 4th Ave NE,Shoreline,WA 98155,USA
02/05/14 0:00,400000,4,2.5,3630,42884,1.5,0,0,3,2300,1330,1979,2014,5172-5198 Heather Ave SE,Auburn,WA 98092,USA
02/05/14 0:00,604000,3,2.5,3240,33151,2,0,2,3,3240,0,1995,0,30822 36th Ct SW,Federal Way,WA 98023,USA
02/05/14 0:00,440000,2,1,800,4850,1,0,0,4,800,0,1944,0,4801-4899 6th Ave NW,Seattle,WA 98107,USA
02/05/14 0:00,287200,3,3,1850,19966,1,0,0,4,1090,760,1992,0,23017 SE 281st Ct,Maple Valley,WA 98038,USA
02/05/14 0:00,403000,3,2,1960,13100,1,0,2,5,1650,310,1957,0,17825 4th Ave SW,Normandy Park,WA 98166,USA
02/05/14 0:00,750000,3,2.5,2390,6550,1,0,2,4,1440,950,1955,2009,3628 59th Ave SW,Seattle,WA 98116,USA
02/05/14 0:00,335000,3,2.25,1580,16215,1,0,0,4,1580,0,1978,2000,4460 332nd Ave SE,Fall City,WA 98024,USA
02/05/14 0:00,260000,4,2,1480,8625,1,0,0,4,1480,0,1974,0,2019 Aberdeen Pl SE,Renton,WA 98055,USA
02/05/14 0:00,308500,2,1,850,6174,1,0,0,4,850,0,1950,1983,121 NE 147th St,Shoreline,WA 98155,USA
02/05/14 0:00,439950,3,2.5,1770,2875,2,0,0,3,1770,0,1990,2009,4458 51st Ave SW,Seattle,WA 98116,USA
02/05/14 0:00,235000,2,1,1210,9400,1,0,0,2,1210,0,1949,0,7542 21st Ave SW,Seattle,WA 98106,USA
02/05/14 0:00,315000,3,1,1160,9180,1,0,0,3,1160,0,1968,1997,15804 198th Pl NE,Woodinville,WA 98077,USA
02/05/14 0:00,437500,3,2.25,1970,35100,2,0,0,4,1970,0,1977,0,26069 SE 154th St,Issaquah,WA 98027,USA
02/05/14 0:00,407500,3,2.5,1930,10460,2,0,0,3,1930,0,1996,0,4314 NE 6th Pl,Renton,WA 98059,USA
02/05/14 0:00,445700,3,2.5,1270,1180,3,0,0,3,1270,0,2001,0,2640 NW 56th St,Seattle,WA 98107,USA
02/05/14 0:00,838000,4,2.5,3310,42998,2,0,0,3,3310,0,2001,0,15712 NE 136th Pl,Redmond,WA 98052,USA
02/05/14 0:00,630000,4,2.75,2710,37277,2,0,0,3,2710,0,2000,0,26429 SE 154th Pl,Issaquah,WA 98027,USA
02/05/14 0:00,550000,3,1.75,2910,35200,1.5,0,0,3,2910,0,1979,2014,3923 229th Pl SE,Sammamish,WA 98075,USA
02/05/14 0:00,805000,3,2,2710,4500,1.5,0,0,4,1880,830,1929,0,6222 30th Ave NE,Seattle,WA 98115,USA
02/05/14 0:00,284000,3,1.75,1800,23103,1,0,0,3,1800,0,1968,1997,32418 NE 50th St,Carnation,WA 98014,USA
02/05/14 0:00,470000,5,2.5,2210,9655,1,0,0,3,1460,750,1976,0,19334 89th Ave NE,Bothell,WA 98011,USA
02/05/14 0:00,430000,4,1.5,1920,10000,1,0,0,4,1070,850,1954,1979,4071 156th Ave SE,Bellevue,WA 98006,USA
02/05/14 0:00,491500,4,1.75,2190,125452,1,0,2,3,2190,0,1968,1997,36850 204th Ave SE,Auburn,WA 98092,USA
02/05/14 0:00,785000,5,3.25,3660,11995,2,0,2,3,3660,0,2006,0,7425 Snowberry Ave SE,Snoqualmie,WA 98065,USA
02/05/14 0:00,385000,3,3.25,1320,1327,2,0,0,3,1040,280,2008,0,3400 21st Ave W,Seattle,WA 98199,USA
02/05/14 0:00,295000,2,2.5,1630,1368,2,0,0,3,1280,350,2009,0,5944-6082 Delridge Way SW,Seattle,WA 98106,USA
02/05/14 0:00,555000,4,2.5,3310,6500,2,0,0,3,3310,0,2012,1912,35229 SE Terrace St,Snoqualmie,WA 98065,USA
02/05/14 0:00,459990,3,2.5,2680,5539,2,0,0,3,2680,0,2013,1923,13800 453rd Ave SE,North Bend,WA 98045,USA
02/05/14 0:00,625000,4,3.25,2730,54014,1,0,0,3,1560,1170,2007,0,9927 174th Ave SE,Renton,WA 98059,USA
02/05/14 0:00,300000,3,2.5,2540,5050,2,0,0,3,2540,0,2006,0,29734 215th Terrace SE,Kent,WA 98042,USA
03/05/14 0:00,625000,4,2.75,2920,6605,2,0,0,3,2920,0,2012,1912,5608 NE 5th Cir,Renton,WA 98059,USA
03/05/14 0:00,553000,2,1,900,5000,1,0,0,3,900,0,1944,0,8053 29th Ave NW,Seattle,WA 98117,USA
03/05/14 0:00,379880,3,2.5,1650,14054,1,0,0,4,1130,520,1986,0,13256 242nd Pl SE,Issaquah,WA 98027,USA
03/05/14 0:00,310000,3,1,1010,9945,1,0,0,4,1010,0,1973,0,7528 N Fork Rd SE,Snoqualmie,WA 98065,USA
04/05/14 0:00,775000,2,2.5,2680,7392,1,0,0,3,2680,0,2004,2003,13134 234th Ct NE,Redmond,WA 98053,USA
04/05/14 0:00,365000,3,2.5,2200,7350,1,0,0,5,1570,630,1988,0,13420 SE 182nd St,Renton,WA 98058,USA
04/05/14 0:00,331950,4,2.5,2530,9933,2,0,2,3,2010,520,1990,2009,925 48th Ct,Auburn,WA 98092,USA
04/05/14 0:00,783500,3,2.5,2850,7130,2,0,0,3,1990,860,1980,0,151 Euclid Ave,Seattle,WA 98122,USA
04/05/14 0:00,628000,4,2,2280,6010,1,0,0,3,1140,1140,1900,2005,205-206 Euclid Ave,Seattle,WA 98122,USA
05/05/14 0:00,560000,3,2.5,1900,8744,2,0,0,3,1900,0,1987,2000,22314 NE 11th Pl,Sammamish,WA 98074,USA
05/05/14 0:00,900000,3,1,1330,77972,1,0,0,3,1330,0,1928,1954,13615 NE 100th St,Kirkland,WA 98033,USA
05/05/14 0:00,531000,2,3,1270,1175,2,0,0,3,1110,160,2000,0,1411 N 48th St,Seattle,WA 98103,USA
05/05/14 0:00,831000,4,3,2170,4000,2,0,0,4,1610,560,1982,2011,120 31st Ave E,Seattle,WA 98112,USA
05/05/14 0:00,780000,4,2.5,2730,10281,2,0,2,3,2730,0,1996,0,23140 NE 14th Ct,Sammamish,WA 98074,USA
05/05/14 0:00,755000,4,2.5,2120,10202,1,0,0,4,1620,500,1960,2001,12645 SE 27th St,Bellevue,WA 98005,USA
05/05/14 0:00,705380,3,2.5,2490,4343,2,0,0,3,2490,0,2003,0,3187 NE Larkspur Ln,Issaquah,WA 98029,USA
05/05/14 0:00,627000,4,2.25,1990,7712,1,0,0,3,1210,780,1973,2013,18915 SE 42nd Pl,Issaquah,WA 98027,USA
05/05/14 0:00,865000,4,3,3690,9892,2,0,0,3,3690,0,1998,2006,1765 267th Ct SE,Sammamish,WA 98075,USA
05/05/14 0:00,580000,2,1,2540,7000,1,0,0,5,1320,1220,1942,0,8624 Island Dr S,Seattle,WA 98118,USA
05/05/14 0:00,410000,3,2.25,1800,36704,1,0,0,4,1360,440,1978,2000,24502 SE Mirrormont Dr,Issaquah,WA 98027,USA
05/05/14 0:00,485000,4,3,2340,7048,1,0,0,4,1340,1000,1979,0,14319 85th Pl NE,Kirkland,WA 98034,USA
05/05/14 0:00,400000,2,1.75,2110,9519,1,0,0,2,2110,0,1948,0,2120 NE 168th St,Shoreline,WA 98155,USA
05/05/14 0:00,549000,2,1,1140,5400,1,0,0,5,1140,0,1908,0,209 30th Ave E,Seattle,WA 98112,USA
05/05/14 0:00,620000,3,1.75,1480,2185,2.5,0,0,3,1480,0,2005,0,10512 128th Ave NE,Kirkland,WA 98033,USA
05/05/14 0:00,405000,2,3,1410,1240,2,0,0,3,1140,270,2006,0,9126 45th Ave SW,Seattle,WA 98136,USA
05/05/14 0:00,232000,2,1,1200,8063,1,0,0,4,1200,0,1958,1972,20220 8th Ave S,Des Moines,WA 98198,USA
05/05/14 0:00,800866,5,2.5,3180,13806,2,0,0,4,3180,0,1990,0,11821 NE 48th Pl,Kirkland,WA 98033,USA
05/05/14 0:00,650000,3,1.5,2160,9000,1,0,2,4,1400,760,1949,1985,13026 10th Ave NW,Seattle,WA 98177,USA
05/05/14 0:00,823000,6,1.75,2920,5000,2.5,0,0,4,2780,140,1908,0,125 29th Ave,Seattle,WA 98122,USA
05/05/14 0:00,770000,3,2,2350,5700,1.5,0,0,4,1810,540,1939,1989,2171 Boyer Ave E,Seattle,WA 98112,USA
05/05/14 0:00,524000,3,1.75,1560,5520,1,0,0,4,780,780,1944,0,3434 33rd Ave W,Seattle,WA 98199,USA
05/05/14 0:00,541125,5,2.75,2740,8426,1,0,0,4,1370,1370,1960,2001,5211 116th Pl SE,Bellevue,WA 98006,USA
05/05/14 0:00,670000,3,2.5,1680,2000,3,0,0,3,1680,0,1909,1998,3503 NE 44th St,Seattle,WA 98105,USA
05/05/14 0:00,384900,5,2.5,3090,12750,1,0,0,3,1750,1340,1968,1997,114 SW 292nd St,Federal Way,WA 98023,USA
05/05/14 0:00,406100,3,2.25,1410,1332,3,0,0,3,1410,0,2005,0,8536 Interlake Ave N,Seattle,WA 98103,USA
05/05/14 0:00,1395000,5,3.5,4010,8510,2,0,1,5,2850,1160,1971,0,3930 NE Belvoir Pl,Seattle,WA 98105,USA
05/05/14 0:00,736500,4,2.5,3180,21904,2,0,3,3,3180,0,2000,0,17132 SE 100th St,Renton,WA 98059,USA
05/05/14 0:00,570000,3,2.25,2010,6000,1,0,0,3,1330,680,1975,0,10204 168th Pl NE,Redmond,WA 98052,USA
05/05/14 0:00,787000,3,1.75,1330,7500,1,0,0,3,1330,0,1961,2004,218 109th Ave SE,Bellevue,WA 98004,USA
05/05/14 0:00,328000,4,2.5,2370,6500,2,0,0,3,2370,0,1998,2006,12621 SE 300th Way,Auburn,WA 98092,USA
05/05/14 0:00,435000,5,2,1840,9240,1,0,0,4,1540,300,1942,1958,14013 Ashworth Ave N,Seattle,WA 98133,USA
05/05/14 0:00,499000,4,2.5,2910,6479,2,0,0,3,2910,0,2006,0,34010 SE Sorenson St,Snoqualmie,WA 98065,USA
05/05/14 0:00,501000,4,1,2070,7519,1,0,0,3,1160,910,1963,2008,2506 166th Ave NE,Bellevue,WA 98008,USA
05/05/14 0:00,1090000,4,2.5,4340,141570,2.5,0,0,3,4340,0,1992,0,8814 218th Ave NE,Redmond,WA 98053,USA
05/05/14 0:00,400000,2,1,840,5510,1,0,0,3,840,0,1955,2005,4515 SW Trenton St,Seattle,WA 98136,USA
05/05/14 0:00,220000,4,1.5,1240,9600,1,0,0,3,1240,0,1971,0,4924 SW 314th Pl,Federal Way,WA 98023,USA
05/05/14 0:00,657100,4,1,1390,4240,1,0,0,3,1050,340,1924,2011,4312 Woodlawn Ave N,Seattle,WA 98103,USA
05/05/14 0:00,309950,4,2.75,2310,5000,2,0,0,3,2310,0,2006,0,22912 SE 268th Pl,Maple Valley,WA 98038,USA
05/05/14 0:00,300000,3,2,1050,10072,1,0,0,3,1050,0,1986,0,27106 NE Miller St,Duvall,WA 98019,USA
05/05/14 0:00,525888,5,1.75,2550,71874,1,0,0,5,1810,740,1960,0,13129 195th Pl SE,Issaquah,WA 98027,USA
05/05/14 0:00,740000,4,1.75,2010,3600,1.5,0,0,3,2010,0,1902,0,1014 W Garfield St,Seattle,WA 98119,USA
05/05/14 0:00,340000,5,1,1120,9022,1.5,0,0,4,1120,0,1962,0,14150 75th Ave NE,Kirkland,WA 98034,USA
05/05/14 0:00,398750,3,2.5,2230,4000,2,0,0,3,2230,0,1954,2005,2601 21st Ave S,Seattle,WA 98144,USA
05/05/14 0:00,206000,2,1,810,7158,1,0,0,5,810,0,1944,0,12807 7th Ave S,Burien,WA 98168,USA
05/05/14 0:00,1030000,5,2.75,3190,16920,1,0,3,3,1690,1500,1976,0,4529 135th Ave SE,Bellevue,WA 98006,USA
05/05/14 0:00,600000,3,1.75,1670,39639,1,0,0,4,1670,0,1976,1992,1804 E Beaver Lake Dr SE,Sammamish,WA 98075,USA
05/05/14 0:00,379950,4,1.75,1970,9389,1,0,0,5,1140,830,1960,0,1701 N 204th Pl,Shoreline,WA 98133,USA
05/05/14 0:00,287000,3,1,1450,6000,1,0,0,4,1450,0,1953,1983,8681 Beacon Ave S,Seattle,WA 98118,USA
05/05/14 0:00,2280000,7,8,13540,307752,3,0,4,3,9410,4130,1999,0,26408 NE 70th St,Redmond,WA 98053,USA
05/05/14 0:00,309950,3,2.5,1880,7838,2,0,0,3,1880,0,1994,0,17717 113th Pl SE,Renton,WA 98055,USA
05/05/14 0:00,600000,3,1.75,1880,6360,1,0,0,4,1040,840,1945,0,8040 39th Ave NE,Seattle,WA 98115,USA
05/05/14 0:00,418000,3,2,1410,6030,1.5,0,0,4,1410,0,1930,0,901 N 97th St,Seattle,WA 98103,USA
05/05/14 0:00,449250,4,2,1480,3844,1.5,0,0,5,1480,0,1928,1970,519 N 104th St,Seattle,WA 98133,USA
05/05/14 0:00,329950,2,1,1140,5250,1.5,0,0,4,1140,0,1949,1985,14017 Roslyn Pl N,Seattle,WA 98133,USA
05/05/14 0:00,245000,3,1.75,1920,9306,1,0,0,3,1000,920,1984,0,30001-30021 55th Pl S,Auburn,WA 98001,USA
05/05/14 0:00,549000,4,2.5,2910,6338,2,0,0,3,2910,0,2008,0,16026 SE 137th Terrace,Renton,WA 98059,USA
05/05/14 0:00,800000,3,2.5,3240,7857,2,0,0,3,3240,0,1994,0,22721-22727 SE 27th St,Sammamish,WA 98075,USA
05/05/14 0:00,249950,3,2,1550,15040,1,0,0,4,1550,0,1958,1972,18027 SE 128th St,Renton,WA 98059,USA
05/05/14 0:00,210000,5,2,2050,10200,1,0,0,3,1430,620,1956,2001,20927-20999 2nd Ave S,Des Moines,WA 98198,USA
05/05/14 0:00,1425000,2,2.5,2220,4000,2,0,0,3,2220,0,2000,0,1857 41st Ave E,Seattle,WA 98112,USA
05/05/14 0:00,585000,2,1,1770,8640,1.5,0,0,3,1520,250,1949,1998,353 NW 88th St,Seattle,WA 98117,USA
05/05/14 0:00,615000,4,1.75,2300,11700,1,0,0,4,1960,340,1977,0,18427 NE 26th Way,Redmond,WA 98052,USA
05/05/14 0:00,618500,3,2,1800,5000,1,0,0,4,1080,720,1942,1982,2803 NE 62nd St,Seattle,WA 98115,USA
05/05/14 0:00,487585,4,1.75,2010,9211,1,0,0,3,1470,540,1977,2004,13313 127th Pl NE,Kirkland,WA 98034,USA
05/05/14 0:00,509900,3,2.5,1790,2700,2,0,0,3,1790,0,2010,0,4532 185th Ave SE,Issaquah,WA 98027,USA
05/05/14 0:00,631625,4,2.5,2440,6651,2,0,0,3,2440,0,2014,0,9288-9358 Holman Rd NW,Seattle,WA 98117,USA
05/05/14 0:00,555000,3,2.5,1940,3211,2,0,0,3,1940,0,2009,0,4509 185th Ave SE,Issaquah,WA 98027,USA
05/05/14 0:00,340000,2,1.5,1160,1438,2,0,0,3,1160,0,2001,0,1318 29th Ave S,Seattle,WA 98144,USA
05/05/14 0:00,830000,4,2.5,3400,9692,2,0,0,3,3400,0,2007,0,12001 173rd Pl NE,Redmond,WA 98052,USA
05/05/14 0:00,890000,4,4.25,4420,5750,2,0,0,3,3410,1010,2006,0,842 Summerhill Ridge Dr NW,Issaquah,WA 98027,USA
05/05/14 0:00,366750,3,3,1571,2017,3,0,0,3,1571,0,2008,0,14359 19th Ave NE,Seattle,WA 98125,USA
05/05/14 0:00,415000,3,2.25,1620,998,2.5,0,0,3,1540,80,2010,0,935 4th Ave NE,Issaquah,WA 98029,USA
05/05/14 0:00,416286,3,2.5,1408,989,3,0,0,3,1408,0,2005,0,7809 12th Ave NE,Seattle,WA 98115,USA
05/05/14 0:00,478000,3,2.5,3040,4535,2,0,0,3,3040,0,2007,0,2027 Ferndale Ave NE,Renton,WA 98056,USA
05/05/14 0:00,890000,5,3.5,4490,6000,2,0,0,3,3200,1290,2006,0,792 Summerhill Ridge Dr NW,Issaquah,WA 98027,USA
05/05/14 0:00,419190,2,2.5,1590,1426,2,0,0,3,1590,0,2014,0,1273 NE Hickory Ln,Issaquah,WA 98029,USA
05/05/14 0:00,712198,4,2.5,2450,4247,2,0,0,3,2450,0,2013,1923,17122 NE 117th St,Redmond,WA 98052,USA
06/05/14 0:00,397000,4,2,1440,7680,1,0,0,3,1200,240,1971,0,10601 NE 138th Pl,Kirkland,WA 98034,USA
06/05/14 0:00,450000,2,2,1100,3000,1.5,0,0,3,1100,0,1912,2005,412 NW 70th St,Seattle,WA 98117,USA
06/05/14 0:00,353000,3,1,1350,7740,1,0,0,4,860,490,1947,1988,11051 35th Ave NE,Seattle,WA 98125,USA
06/05/14 0:00,609000,4,2.5,2150,37981,2,0,0,3,2150,0,1985,0,18114 NE 136th St,Redmond,WA 98052,USA
06/05/14 0:00,234000,3,1.75,1490,8366,1,0,0,4,1010,480,1975,0,25305 151st Pl SE,Covington,WA 98042,USA
06/05/14 0:00,561000,3,2,2000,7000,2,0,0,3,2000,0,1916,1986,6422 Marshall Ave SW,Seattle,WA 98136,USA
06/05/14 0:00,469000,2,1,1030,4400,1,0,0,3,1030,0,1924,2011,310 NW 72nd St,Seattle,WA 98117,USA
06/05/14 0:00,329350,2,1,720,6687,1,0,0,3,720,0,1942,1999,9712 4th Ave NW,Seattle,WA 98117,USA
06/05/14 0:00,488000,5,2,2020,5000,1.5,0,0,4,2020,0,1938,0,9020-9024 11th Ave NW,Seattle,WA 98117,USA
06/05/14 0:00,279900,3,1.75,1580,8151,1,0,1,4,1100,480,1962,0,1629 S 261st Pl,Des Moines,WA 98198,USA
06/05/14 0:00,606000,4,2.5,2110,13850,2,0,0,3,2110,0,1987,2000,2755 NW Pine Cone Dr,Issaquah,WA 98027,USA
06/05/14 0:00,312000,4,2,1300,7054,1,0,0,3,1300,0,1950,2013,2815 SW 107th St,Seattle,WA 98146,USA
06/05/14 0:00,650000,3,1.5,1630,7475,1,0,1,3,1160,470,1940,1996,6009 52nd Ave NE,Seattle,WA 98115,USA
06/05/14 0:00,1135000,4,2.75,3370,8103,1,0,3,3,1970,1400,1970,2014,3922 SW Henderson St,Seattle,WA 98136,USA
06/05/14 0:00,325000,4,2.5,1890,6156,1,0,0,3,980,910,1980,0,5631 17th Ave SW,Seattle,WA 98106,USA
06/05/14 0:00,425000,4,2,1520,7983,1,0,0,5,1520,0,1967,0,14876 Juanita Woodinville Way NE,Inglewood-Finn Hill,WA 98034,USA
06/05/14 0:00,219000,2,1,900,5160,1,0,0,3,900,0,1952,2008,8652 17th Ave SW,Seattle,WA 98106,USA
06/05/14 0:00,250000,3,1,1050,6874,1,0,0,3,1050,0,1954,2005,18305 Dayton Ave N,Shoreline,WA 98133,USA
06/05/14 0:00,390000,3,1.75,1260,6500,1,0,0,4,1260,0,1966,0,1415 168th Ave NE,Bellevue,WA 98008,USA
06/05/14 0:00,475000,6,3,3470,117612,1.5,0,0,3,3470,0,1924,2011,19007 80th Ave NE,Kenmore,WA 98028,USA
06/05/14 0:00,736000,4,2.5,2290,12047,2,0,0,4,2290,0,1988,0,17435 SE 47th St,Bellevue,WA 98006,USA
06/05/14 0:00,407000,4,2.25,2810,23400,1,0,1,3,1710,1100,1958,2004,23024-23198 17th Ave S,Des Moines,WA 98198,USA
06/05/14 0:00,272000,3,2.5,1650,13816,2,0,0,3,1650,0,1998,2006,32000-32072 NE 55th St,Carnation,WA 98014,USA
06/05/14 0:00,362000,3,2.25,1640,14374,1,0,0,4,1140,500,1963,0,17253 Ambaum Blvd S,Burien,WA 98148,USA
06/05/14 0:00,535000,3,2.5,1850,10109,2,0,0,3,1850,0,1991,0,8409 NE 129th Pl,Kirkland,WA 98034,USA
06/05/14 0:00,284000,4,2.5,2000,5390,2,0,0,3,2000,0,2003,0,25434 160th Ave SE,Kent,WA 98042,USA
06/05/14 0:00,367500,3,1.5,1410,9647,1,0,0,3,1410,0,1961,2004,18048 3rd Ave NW,Shoreline,WA 98177,USA
06/05/14 0:00,379900,4,1.75,1500,11600,1,0,0,4,1000,500,1955,2009,15007 75th Ave NE,Kenmore,WA 98028,USA
06/05/14 0:00,520000,3,2.5,2460,54885,2,0,0,4,2460,0,1980,0,5424 NE 10th St,Renton,WA 98059,USA
06/05/14 0:00,175000,3,1,1010,7034,1,0,0,3,1010,0,1954,2005,207 NW 5th St,Renton,WA 98057,USA
06/05/14 0:00,460000,2,2.25,1230,929,2,0,0,3,1020,210,2004,2003,100 24th Ave E,Seattle,WA 98112,USA
06/05/14 0:00,345000,4,2.5,2331,3826,2,0,0,3,2331,0,2007,0,11853 SE 176th Ct,Renton,WA 98058,USA
06/05/14 0:00,455000,5,2.5,2240,7770,1,0,0,3,1340,900,1978,0,12633 NE 133rd Pl,Kirkland,WA 98034,USA
06/05/14 0:00,610000,4,3,2450,10117,1,0,0,5,1580,870,1967,0,15607 SE 42nd Ct,Bellevue,WA 98006,USA
06/05/14 0:00,563000,4,3,3100,15480,2,0,0,3,2400,700,1996,0,7422 NE 163rd St,Kenmore,WA 98028,USA
06/05/14 0:00,612500,4,2,2060,5000,1,0,0,3,1030,1030,1949,2013,1708 NW 96th St,Seattle,WA 98117,USA
06/05/14 0:00,218000,3,1.75,1850,7684,1,0,0,3,1320,530,1979,2014,33945 28th Pl SW,Federal Way,WA 98023,USA
06/05/14 0:00,404000,4,1.75,1840,10720,1,0,0,3,960,880,1958,2004,16020 SE 2nd St,Bellevue,WA 98008,USA
06/05/14 0:00,860000,4,2,3740,32417,2,0,0,3,3740,0,2000,0,24507 NE 77th Pl,Redmond,WA 98053,USA
06/05/14 0:00,136500,3,1.5,1420,8580,1,0,0,3,1420,0,1962,2003,32827 22nd Ave SW,Federal Way,WA 98023,USA
06/05/14 0:00,313950,3,1,1510,6083,1,0,0,4,860,650,1940,2001,415 NE 94th St,Seattle,WA 98115,USA
06/05/14 0:00,575000,3,1.75,2130,6500,1,0,2,3,1170,960,1954,2005,2214 W Halladay St,Seattle,WA 98199,USA
06/05/14 0:00,1225000,4,2.25,3490,6906,2,0,0,4,2280,1210,1928,0,2560 39th Ave W,Seattle,WA 98199,USA
06/05/14 0:00,280000,3,1.75,1630,11800,1,0,0,4,1630,0,1971,0,12525 458th Ave SE,North Bend,WA 98045,USA
06/05/14 0:00,515000,3,2.5,1790,7167,2,0,0,3,1790,0,1989,0,920 221st Ave NE,Sammamish,WA 98074,USA
06/05/14 0:00,513000,4,2.5,2000,5684,2,0,0,3,2000,0,1996,0,9041 NE 160th Pl,Kenmore,WA 98028,USA
06/05/14 0:00,599000,4,2.25,2260,29930,2,0,0,4,1400,860,1977,0,16022 SE 43rd St,Bellevue,WA 98006,USA
06/05/14 0:00,685000,4,2.5,3030,7864,2,0,0,3,3030,0,1999,0,24201 SE 1st Pl,Sammamish,WA 98074,USA
06/05/14 0:00,365000,3,1.5,1310,8160,1,0,0,3,1310,0,1950,2005,13714 Ashworth Ave N,Seattle,WA 98133,USA
06/05/14 0:00,762300,4,2.5,3880,14550,2,0,0,3,3880,0,1987,2000,22344 NE 31st St,Sammamish,WA 98074,USA
06/05/14 0:00,1580000,4,3.25,3760,10920,1.5,0,0,5,2400,1360,1950,0,5650 NE 55th St,Seattle,WA 98105,USA
06/05/14 0:00,562000,5,2.25,3040,8111,2,0,0,3,3040,0,1984,0,17649 NE 129th Pl,Redmond,WA 98052,USA
06/05/14 0:00,530000,5,2.5,2910,9636,1,0,0,4,1690,1220,1964,0,3250 165th Ave SE,Bellevue,WA 98008,USA
06/05/14 0:00,525000,3,2.5,2970,11985,1,0,0,3,1770,1200,1995,0,21603 NE 29th St,Sammamish,WA 98074,USA
06/05/14 0:00,484000,2,1.75,1660,6000,1,0,0,3,1160,500,1942,1999,4711 University View Pl NE,Seattle,WA 98105,USA
06/05/14 0:00,725126,4,2.5,3200,12369,2,0,0,3,3200,0,1998,2006,14707 SE 84th St,Newcastle,WA 98059,USA
06/05/14 0:00,360000,4,2,2680,18768,1,0,0,5,2680,0,1965,0,31607-31633 44th Ave S,Auburn,WA 98001,USA
06/05/14 0:00,387000,3,1,1230,9568,1,0,0,5,1230,0,1962,0,12116 SE 71st Pl,Newcastle,WA 98056,USA
06/05/14 0:00,483500,4,2.5,2740,45732,2,0,0,3,2740,0,1995,0,15418 216th Ave NE,Woodinville,WA 98077,USA
06/05/14 0:00,655500,4,3.5,3380,8330,2,0,0,3,3380,0,2000,0,1703 NW 200th Ln,Shoreline,WA 98177,USA
06/05/14 0:00,345000,3,1,1110,6250,1,0,0,3,1110,0,1956,2001,3230 NE 95th St,Seattle,WA 98115,USA
06/05/14 0:00,533000,5,2.75,1800,3780,1.5,0,0,3,1400,400,1926,2003,7434 Winona Ave N,Seattle,WA 98103,USA
06/05/14 0:00,385000,3,1.75,1900,5520,1,0,0,3,1280,620,1982,0,5215 32nd Ave S,Seattle,WA 98118,USA
06/05/14 0:00,675000,2,1,930,36478,1,0,2,3,930,0,1951,1994,4206 SE Newport Way,Bellevue,WA 98006,USA
06/05/14 0:00,197000,3,1.75,1690,7735,1,0,0,4,1060,630,1976,1992,30020 43rd Pl S,Auburn,WA 98001,USA
06/05/14 0:00,485000,3,2,1420,4080,1.5,0,0,3,1420,0,1905,2013,720 N 80th St,Seattle,WA 98103,USA
06/05/14 0:00,1870000,5,4,4510,15175,2,0,0,3,4510,0,1969,2002,8300 SE 82nd St,Mercer Island,WA 98040,USA
06/05/14 0:00,295000,3,2.25,1980,8000,1,0,0,4,1560,420,1974,0,31966 36th Ave SW,Federal Way,WA 98023,USA
06/05/14 0:00,499000,2,1.75,1170,2400,1,0,0,4,740,430,1903,0,2112 N 50th St,Seattle,WA 98103,USA
06/05/14 0:00,1050000,3,2.5,2200,1970,2,0,0,3,1610,590,2008,0,2516 Yale Ave E,Seattle,WA 98102,USA
06/05/14 0:00,191000,3,1.5,800,8850,1,0,0,4,800,0,1959,0,1003 SW 307th St,Federal Way,WA 98023,USA
06/05/14 0:00,500000,3,2.5,1480,1171,3,0,0,3,1480,0,2006,0,135 25th Ave E,Seattle,WA 98112,USA
06/05/14 0:00,390000,5,3.75,2890,5000,1,0,0,3,1310,1580,2006,0,3665 Renton Ave S,Seattle,WA 98144,USA
06/05/14 0:00,979000,3,2.5,2690,4047,3,0,0,3,2690,0,2014,0,7000 23rd Ave NW,Seattle,WA 98117,USA
06/05/14 0:00,580000,4,3.25,3569,8327,2,0,0,3,3569,0,2013,1923,710 S 23rd St,Renton,WA 98055,USA
06/05/14 0:00,369950,3,2,1270,1320,3,0,0,3,1270,0,2006,0,8846 Midvale Ave N,Seattle,WA 98103,USA
06/05/14 0:00,1800000,5,5,4490,10279,2,0,0,3,3930,560,2013,1923,1435 104th Ave SE,Bellevue,WA 98004,USA
06/05/14 0:00,776000,4,2.5,3040,6425,2,0,0,3,3040,0,2008,0,16775 NE 86th Ct,Redmond,WA 98052,USA
07/05/14 0:00,519950,3,2.25,1170,1249,3,0,0,3,1170,0,2014,0,1749 NW 60th St,Seattle,WA 98107,USA
07/05/14 0:00,255000,5,2.25,2060,8632,1,0,0,3,1030,1030,1962,2003,105 SW 129th St,Burien,WA 98146,USA
07/05/14 0:00,495000,3,1,990,6000,1,0,0,3,990,0,1943,2002,5628 NE 59th St,Seattle,WA 98105,USA
07/05/14 0:00,510000,4,2.5,2430,5203,2,0,0,3,2430,0,2003,0,1028 NE 153rd Ct,Shoreline,WA 98155,USA
07/05/14 0:00,1150000,4,4,4460,103382,2,0,0,3,4460,0,2001,0,25823 NE 30th Ct,Redmond,WA 98053,USA
07/05/14 0:00,253000,3,1.75,1250,10122,1,0,0,3,1250,0,1994,0,25502 Kanasket Dr,Black Diamond,WA 98010,USA
07/05/14 0:00,503000,3,2.75,1540,6760,1,0,0,5,1210,330,1980,0,9626 NE 129th Pl,Kirkland,WA 98034,USA
07/05/14 0:00,275000,3,2.5,1600,7000,2,0,0,4,1600,0,1993,0,21326 SE 277th Pl,Maple Valley,WA 98038,USA
07/05/14 0:00,249000,3,1,1110,8423,1,0,0,3,1110,0,1952,2008,14613 6th Ave SW,Burien,WA 98166,USA
07/05/14 0:00,310000,3,1.75,1840,10723,1,0,0,4,1220,620,1974,0,19313 140th Pl SE,Renton,WA 98058,USA
07/05/14 0:00,750000,3,2.75,2520,5401,1,0,0,4,1360,1160,1946,1989,2806 13th Ave W,Seattle,WA 98119,USA
07/05/14 0:00,630000,3,2.5,2680,327135,2,0,0,3,2680,0,1995,0,25339 SE 248th St,Ravensdale,WA 98051,USA
07/05/14 0:00,599999,9,4.5,3830,6988,2.5,0,0,3,2450,1380,1938,2003,8809 Densmore Ave N,Seattle,WA 98103,USA
07/05/14 0:00,758000,4,2.75,2410,9549,1,0,0,4,1780,630,1956,0,10627 NE 45th St,Kirkland,WA 98033,USA
07/05/14 0:00,248500,4,1.75,1720,10018,1,0,0,5,1720,0,1960,0,16635 SE 268th St,Covington,WA 98042,USA
07/05/14 0:00,310000,3,1.75,2070,37904,1,0,0,4,1420,650,1973,0,19654 116th Ave SE,Kent,WA 98031,USA
07/05/14 0:00,460000,3,2,1760,9055,2,0,0,4,1760,0,1985,0,5003 159th Ct NE,Redmond,WA 98052,USA
07/05/14 0:00,675000,3,1.75,1680,10500,1,0,0,4,1680,0,1959,0,4 128th Ave SE,Bellevue,WA 98005,USA
07/05/14 0:00,526000,2,2,1550,2400,1.5,0,0,4,1550,0,1900,1971,3845 Whitman Ave N,Seattle,WA 98103,USA
07/05/14 0:00,560000,3,3,4120,60392,2,0,2,3,3180,940,1994,0,32223 NE 88th St,Carnation,WA 98014,USA
07/05/14 0:00,415000,4,3,1830,9548,2,0,0,3,1830,0,1991,0,15204 88th Ave NE,Bothell,WA 98028,USA
07/05/14 0:00,246000,3,1,1400,7410,1,0,0,3,1400,0,1944,0,624 SW 137th St,Burien,WA 98166,USA
07/05/14 0:00,314500,3,1.75,1870,12381,1,0,0,4,1870,0,1957,2001,29645 10th Pl S,Federal Way,WA 98003,USA
07/05/14 0:00,3200000,7,4.5,6210,8856,2.5,0,2,5,4760,1450,1910,0,1230 Warren Ave N,Seattle,WA 98109,USA
07/05/14 0:00,420000,2,1.5,1040,3500,1.5,0,0,4,1040,0,1904,0,1713 22nd Ave S,Seattle,WA 98144,USA
07/05/14 0:00,535000,3,1.75,2720,149410,1.5,0,0,3,2720,0,1988,2000,33331 NE Lake Joy Rd,Carnation,WA 98014,USA
07/05/14 0:00,350000,3,1,1010,9360,1,0,0,3,1010,0,1981,2013,9703 130th Ave NE,Kirkland,WA 98033,USA
07/05/14 0:00,515000,3,1.75,1580,9147,1,0,1,4,1210,370,1967,0,234 W Lake Sammamish Pkwy SE,Bellevue,WA 98008,USA
07/05/14 0:00,749950,4,2.75,2600,6050,2,0,0,5,1960,640,1949,0,4140 53rd Ave SW,Seattle,WA 98116,USA
07/05/14 0:00,230000,3,2.5,1920,9180,2,0,0,3,1920,0,1988,2000,206 Oakesdale Ave SW,Renton,WA 98057,USA
07/05/14 0:00,568000,3,2,2350,5080,1.5,0,0,3,1780,570,1929,0,5531 Seward Park Ave S,Seattle,WA 98118,USA
07/05/14 0:00,250000,1,1,1100,4373,1,0,0,2,820,280,1947,0,232 SW 154th St,Burien,WA 98166,USA
07/05/14 0:00,581000,4,2,2510,13695,1,0,0,4,1280,1230,1961,2001,11105 126th Ave NE,Kirkland,WA 98033,USA
07/05/14 0:00,651000,3,2.5,3240,108366,2,0,0,4,3240,0,1991,0,18611 SE 307th Ln,Kent,WA 98042,USA
07/05/14 0:00,600000,3,2.5,2460,108900,1,0,0,4,1860,600,1977,0,25525 SE 133rd St,Issaquah,WA 98027,USA
07/05/14 0:00,500000,2,1,1010,3885,1.5,0,0,4,1010,0,1906,1990,331 22nd Ave E,Seattle,WA 98112,USA
07/05/14 0:00,475000,2,1,820,2723,1,0,0,3,820,0,1921,2000,4602 Woodlawn Ave N,Seattle,WA 98103,USA
07/05/14 0:00,352000,5,2.5,2420,8560,1,0,2,3,1620,800,1978,0,3723 S Chicago St,Seattle,WA 98118,USA
07/05/14 0:00,420000,3,2.25,1770,8165,2,0,0,3,1770,0,1977,2004,12921 79th Pl NE,Kirkland,WA 98034,USA
07/05/14 0:00,428000,2,2,1350,3900,1,0,0,3,1350,0,2003,0,232nd Way,Redmond,WA 98053,USA
07/05/14 0:00,599000,3,1.75,1960,4788,1,0,0,4,1090,870,1920,0,6253-6299 15th Ave NE,Seattle,WA 98115,USA
07/05/14 0:00,492000,4,2.5,3305,16164,1.5,0,0,5,2245,1060,1922,1956,1718 N 175th St,Shoreline,WA 98133,USA
07/05/14 0:00,630000,2,2.25,2550,5663,1,0,0,3,1720,830,2011,0,1225 N 41st Pl,Renton,WA 98056,USA
07/05/14 0:00,900000,5,3.75,4130,226076,2,0,0,3,3170,960,1985,0,12809-12907 206th Ave NE,Woodinville,WA 98077,USA
07/05/14 0:00,1110000,4,1.5,2310,13300,1,0,0,3,1890,420,1950,2005,9724 NE 14th St,Clyde Hill,WA 98004,USA
07/05/14 0:00,575000,4,2,1650,5000,1,0,0,3,1650,0,1955,2005,6708 14th Ave NW,Seattle,WA 98117,USA
07/05/14 0:00,705000,4,2.5,2650,4316,1.5,0,0,3,1520,1130,1905,2013,1902 45th Ave SW,Seattle,WA 98116,USA
07/05/14 0:00,940000,4,2.25,1890,5940,1,0,1,3,1470,420,1963,2008,1234 22nd Ave E,Seattle,WA 98112,USA
07/05/14 0:00,313000,3,1.75,2190,8000,1,0,0,4,2190,0,1967,0,32631 39th Ave SW,Federal Way,WA 98023,USA
07/05/14 0:00,618080,3,2.5,2030,6500,2,0,0,3,2030,0,1988,2000,4421-4564 186th Ave SE,Issaquah,WA 98027,USA
07/05/14 0:00,640000,3,3,2270,5175,2,0,0,3,2130,140,2002,0,1200 N 27th Pl,Renton,WA 98056,USA
07/05/14 0:00,485000,3,2,1610,4160,1,0,0,4,1010,600,1917,0,4313 SW Willow St,Seattle,WA 98136,USA
07/05/14 0:00,300000,2,1,760,3001,1,0,0,3,760,0,1913,1983,1761 17th Ave S,Seattle,WA 98144,USA
07/05/14 0:00,379500,2,1,1640,17335,1,0,0,3,840,800,1978,0,3301-3389 289th Ave NE,Redmond,WA 98053,USA
07/05/14 0:00,339950,3,2.25,1630,12295,2,0,0,4,1630,0,1985,0,19501 135th Ave SE,Renton,WA 98058,USA
07/05/14 0:00,1500000,6,2.5,3560,6480,2.5,0,0,4,3560,0,1914,1945,903 22nd Ave E,Seattle,WA 98112,USA
07/05/14 0:00,1340000,3,3,2960,5500,2,0,2,3,2440,520,1937,1990,3529 W Howe St,Seattle,WA 98199,USA
07/05/14 0:00,500000,3,2.5,1940,37565,1,0,0,4,1940,0,1987,0,20821 SE 135th St,Issaquah,WA 98027,USA
07/05/14 0:00,239900,3,2,1410,7566,1,0,0,3,1410,0,1985,0,11907 SE 261st Pl,Kent,WA 98030,USA
07/05/14 0:00,314950,3,1,1040,16986,1,0,0,4,1040,0,1968,0,18227 SE 135th St,Renton,WA 98059,USA
07/05/14 0:00,361280,2,1,820,6400,1,0,0,4,820,0,1944,0,5902 37th Ave SW,Seattle,WA 98126,USA
07/05/14 0:00,100000,2,1,910,22000,1,0,0,3,910,0,1956,2001,138 Seattle Blvd S,Algona,WA 98001,USA
07/05/14 0:00,540000,7,5.75,3700,7647,2,0,1,3,3700,0,1948,1984,15007-15299 37th Ave NE,Lake Forest Park,WA 98155,USA
07/05/14 0:00,480500,4,2.5,2180,11200,1,0,0,4,2180,0,1968,0,18911 NE 165th Pl,Woodinville,WA 98072,USA
07/05/14 0:00,280000,3,2.5,1600,4271,2,0,0,3,1600,0,2000,0,5146 S 303rd Pl,Auburn,WA 98001,USA
07/05/14 0:00,440000,3,1.75,1500,6180,1,0,0,4,1060,440,1947,1988,3827 39th Ave S,Seattle,WA 98118,USA
07/05/14 0:00,530000,3,1,1340,4284,1,0,0,3,1080,260,1910,2006,4703-4707 4th Ave NE,Seattle,WA 98105,USA
07/05/14 0:00,560000,3,2,1860,13374,1,0,0,3,1860,0,1985,0,1010 NW Inneswood Dr,Issaquah,WA 98027,USA
07/05/14 0:00,775000,3,2,2540,7200,1.5,0,3,4,1600,940,1905,0,517 32nd Ave S,Seattle,WA 98144,USA
07/05/14 0:00,160000,2,1,1040,13100,1,0,0,5,1040,0,1912,0,733 1st Ave N,Kent,WA 98032,USA
07/05/14 0:00,209950,3,1.5,1380,11130,1,0,0,3,1380,0,1960,2012,32016 8th Ave S,Federal Way,WA 98003,USA
07/05/14 0:00,226500,3,1.75,1640,10762,1,0,0,3,1130,510,1988,2000,27000-27080 201st Ave SE,Covington,WA 98042,USA
07/05/14 0:00,380000,5,1.75,3000,6000,1,0,0,5,1500,1500,1958,0,8514 S 124th St,Seattle,WA 98178,USA
07/05/14 0:00,409500,4,2.75,2140,13000,1,0,0,3,1320,820,1968,1997,19302 65th Pl NE,Kenmore,WA 98028,USA
07/05/14 0:00,690000,3,2,1760,6428,1,0,0,4,980,780,1942,1982,2145 Condon Way W,Seattle,WA 98199,USA
07/05/14 0:00,405000,3,2.25,1660,8307,1,0,0,4,1660,0,1961,2001,605 N 178th St,Shoreline,WA 98133,USA
07/05/14 0:00,375000,3,2.5,1830,13042,2,0,0,3,1830,0,1990,2009,25408 Lake Wilderness Country Club Dr SE,Maple Valley,WA 98038,USA
07/05/14 0:00,794154,4,2,2210,8556,1,0,1,4,1210,1000,1954,1979,3235 30th Ave W,Seattle,WA 98199,USA
07/05/14 0:00,185000,4,1,1490,6600,1,0,0,3,1490,0,1969,2010,13248 Occidental Ave S,Burien,WA 98168,USA
07/05/14 0:00,245000,3,1.5,1260,1270,2,0,0,3,1040,220,2005,0,11304 Corliss Ave N,Seattle,WA 98133,USA
07/05/14 0:00,1532500,5,4.5,4270,8076,2,0,0,3,3400,870,2007,0,11017 101st Pl NE,Kirkland,WA 98033,USA
07/05/14 0:00,1040000,4,3.5,3900,8391,2,0,0,3,3900,0,2006,0,10908 101st Pl NE,Kirkland,WA 98033,USA
07/05/14 0:00,425000,2,2.5,1150,1027,3,0,0,3,1150,0,2008,0,3631 Greenwood Ave N,Seattle,WA 98103,USA
07/05/14 0:00,495000,4,2.75,2656,21195,2,0,0,3,2656,0,2014,0,31898 50th Pl S,Auburn,WA 98001,USA
07/05/14 0:00,365000,5,2.75,2410,5003,1,0,0,3,1410,1000,2008,0,7956 46th Ave S,Seattle,WA 98118,USA
07/05/14 0:00,417250,3,2.25,1606,1452,3,0,0,3,1606,0,2009,0,12303 Sand Point Way NE,Seattle,WA 98125,USA
07/05/14 0:00,339950,2,1,820,681,3,0,0,3,820,0,2006,0,513 N 46th St,Seattle,WA 98103,USA
08/05/14 0:00,615000,2,1,1540,6872,1,0,0,4,820,720,1946,1989,2814 13th Ave W,Seattle,WA 98119,USA
08/05/14 0:00,403000,3,2.75,2090,8354,2,0,0,3,2090,0,2012,1912,27930 NE 147th Pl,Duvall,WA 98019,USA
08/05/14 0:00,980000,5,2.5,3160,11470,1,0,0,4,1780,1380,1971,0,7401 92nd Pl SE,Mercer Island,WA 98040,USA
08/05/14 0:00,258000,4,1.75,1730,8320,1,0,0,3,1230,500,1977,2004,30633 21st Ave SW,Federal Way,WA 98023,USA
08/05/14 0:00,533000,3,1,1670,4080,1,0,0,3,1170,500,1967,2011,544 NE 84th St,Seattle,WA 98115,USA
08/05/14 0:00,537500,4,2.5,2550,4630,2,0,0,3,2550,0,2005,0,1825 251st Pl SE,Sammamish,WA 98075,USA
08/05/14 0:00,830000,5,3,3040,9601,1,0,0,5,1970,1070,1968,0,5200-5298 90th Ave SE,Mercer Island,WA 98040,USA
08/05/14 0:00,712000,3,1,1250,4620,1.5,0,0,4,1150,100,1900,1971,3612 Interlake Ave N,Seattle,WA 98103,USA
08/05/14 0:00,262000,4,2.5,2020,6236,2,0,0,3,2020,0,2002,0,434 Pullman Ave,Algona,WA 98001,USA
08/05/14 0:00,753888,4,2.5,2660,5500,2,0,2,3,2660,0,2003,0,1669 28th Ave NE,Issaquah,WA 98029,USA
08/05/14 0:00,134000,2,1.5,980,5000,2,0,0,3,980,0,1922,2003,235 Thelma St,Skykomish,WA 98288,USA
08/05/14 0:00,402000,3,2.5,1960,8000,1,0,0,4,1290,670,1977,0,12207 NE 139th Pl,Kirkland,WA 98034,USA
08/05/14 0:00,205000,2,1,720,5040,1,0,0,3,720,0,1955,2005,8448 Delridge Way SW,Seattle,WA 98106,USA
08/05/14 0:00,553650,2,2.5,1360,1349,2,0,0,3,1050,310,1997,0,624 Lake Washington Blvd E,Seattle,WA 98112,USA
08/05/14 0:00,559950,2,2,1870,4950,1,0,0,3,1870,0,2006,0,23733 NE Salal Pl,Redmond,WA 98053,USA
08/05/14 0:00,260000,4,1.5,2130,8800,1,0,0,3,1100,1030,1962,2003,24345 35th Pl S,Kent,WA 98032,USA
08/05/14 0:00,270000,4,2.5,1810,6509,2,0,0,3,1810,0,1994,0,14816 SE 278th St,Kent,WA 98042,USA
08/05/14 0:00,295000,2,1.75,2200,89298,1,0,0,3,1100,1100,1973,2013,27469-27501 SE 154th Pl,Issaquah,WA 98027,USA
08/05/14 0:00,719000,3,2.5,1690,4500,1.5,0,1,4,1690,0,1928,0,4022 SW Walker St,Seattle,WA 98116,USA
08/05/14 0:00,266000,3,2.5,1940,8547,1,0,0,3,1460,480,1989,0,28123 123rd Pl SE,Kent,WA 98030,USA
08/05/14 0:00,325900,4,2.5,2320,6270,2,0,0,3,2320,0,2004,2003,15020 SE 281st St,Kent,WA 98042,USA
08/05/14 0:00,647500,4,1.75,2060,26036,1,0,0,4,1160,900,1947,1988,17622 12th Ave SW,Normandy Park,WA 98166,USA
08/05/14 0:00,1039000,4,1,3410,5000,2,0,0,5,2190,1220,1910,0,2509 33rd Ave S,Seattle,WA 98144,USA
08/05/14 0:00,569000,4,2.25,2250,41688,2,0,0,3,2250,0,1980,0,7304 217th Pl NE,Redmond,WA 98053,USA
08/05/14 0:00,246000,3,1.75,1390,7399,1,0,0,4,1390,0,1975,0,11921 SE 205th St,Kent,WA 98031,USA
08/05/14 0:00,515000,2,1,1060,4960,1,0,0,3,1060,0,1926,2003,8230 Corliss Ave N,Seattle,WA 98103,USA
08/05/14 0:00,207000,3,1,1490,8995,1,0,0,4,1490,0,1954,1979,12612 23rd Ave S,Seattle,WA 98168,USA
08/05/14 0:00,780000,4,1.75,2480,9195,1,0,0,3,1390,1090,1950,2005,3002 109th Ave SE,Bellevue,WA 98004,USA
08/05/14 0:00,489990,5,2.25,2440,20828,1.5,0,0,4,2440,0,1975,0,13711 SE 251 Pl,Kent,WA 98042,USA
08/05/14 0:00,335000,3,1.5,2240,87625,1.5,0,0,2,1480,760,1980,0,18748 SE 330th St,Auburn,WA 98092,USA
08/05/14 0:00,295000,3,2.5,1920,7229,2,0,0,3,1920,0,1993,0,1914 S 375th St,Federal Way,WA 98003,USA
08/05/14 0:00,385000,3,1.75,1890,9920,1,0,0,3,1230,660,1944,0,14317 22nd Ave NE,Seattle,WA 98125,USA
08/05/14 0:00,350000,4,1.75,2250,13515,1,0,0,4,2150,100,1940,2001,468 Scenic Way,Kent,WA 98030,USA
08/05/14 0:00,235000,2,1,1270,3008,1,0,0,4,650,620,1923,0,4305 S Webster St,Seattle,WA 98118,USA
08/05/14 0:00,358000,2,1.5,960,1808,2,0,0,3,960,0,1993,0,1816 26th Ave,Seattle,WA 98122,USA
08/05/14 0:00,716500,4,2.5,3290,6465,2,0,0,3,3290,0,2002,0,1031 272nd Pl SE,Sammamish,WA 98075,USA
08/05/14 0:00,228000,4,1.75,2000,6120,1,0,0,3,1100,900,1965,1993,5933 S Eastwood Dr,Seattle,WA 98178,USA
08/05/14 0:00,405000,2,1,1020,8155,1,0,0,4,1020,0,1948,0,13221 3rd Ave NW,Seattle,WA 98177,USA
08/05/14 0:00,538000,4,1.75,1840,9600,1,0,0,3,1220,620,1967,2011,5524 161st Pl NE,Redmond,WA 98052,USA
08/05/14 0:00,530000,3,1.75,1980,6760,1,0,0,4,1980,0,1973,0,3220 170th Ave NE,Bellevue,WA 98008,USA
08/05/14 0:00,1750000,6,3,3510,5760,2.5,0,0,4,3510,0,1906,1990,806 15th Ave E,Seattle,WA 98112,USA
08/05/14 0:00,636000,2,1.75,1230,3600,1.5,0,0,5,1230,0,1925,0,2561 3rd Ave W,Seattle,WA 98119,USA
08/05/14 0:00,535000,4,2.5,2280,65836,2,0,0,3,2280,0,2004,2003,13812 196th Ave NE,Woodinville,WA 98077,USA
08/05/14 0:00,1500000,3,1.75,2430,12757,1,0,2,4,1340,1090,1952,0,9842 Vineyard Crest,Bellevue,WA 98004,USA
08/05/14 0:00,868500,3,2.5,2920,3942,3,0,0,3,2920,0,2008,0,1012 N 42nd Pl,Renton,WA 98056,USA
08/05/14 0:00,530000,4,2.75,2280,2850,1.5,0,0,4,1540,740,1930,0,8013 20th Ave NE,Seattle,WA 98115,USA
08/05/14 0:00,450000,3,2,1510,43560,1,0,0,3,1510,0,1954,2005,13611 Bear Creek Rd NE,Woodinville,WA 98077,USA
08/05/14 0:00,230000,3,1.75,950,6000,1,0,0,3,790,160,1939,1969,1237 S Sullivan St,Seattle,WA 98108,USA
08/05/14 0:00,229000,3,2.5,1190,3000,2,0,0,3,1190,0,2002,0,12227 47th Ave S,Tukwila,WA 98178,USA
08/05/14 0:00,437000,3,1.75,1310,9282,1,0,0,4,1310,0,1976,1992,17128 NE 92nd St,Redmond,WA 98052,USA
08/05/14 0:00,1307000,5,3.25,2800,3200,1.5,0,0,5,1910,890,1932,2002,365 Halladay St,Seattle,WA 98109,USA
08/05/14 0:00,595000,3,2.5,1750,3354,2,0,0,4,1750,0,1991,0,10621 NE 107th Pl,Kirkland,WA 98033,USA
08/05/14 0:00,660000,3,1.75,1320,5750,1.5,0,0,5,1320,0,1918,0,2121 46th Ave SW,Seattle,WA 98116,USA
08/05/14 0:00,347500,4,2.5,2460,7350,2,0,0,3,2460,0,1989,0,32817 10th Pl SW,Federal Way,WA 98023,USA
08/05/14 0:00,297950,3,2,1240,10800,1,0,0,3,1240,0,1967,2010,17109 139th Pl SE,Renton,WA 98058,USA
08/05/14 0:00,245000,3,1.5,1260,7964,1,0,0,4,1260,0,1955,2009,168 S 192nd Pl,Des Moines,WA 98148,USA
08/05/14 0:00,543200,6,2.25,2820,15600,1.5,0,2,5,1970,850,1940,0,15451 22nd Ave SW,Burien,WA 98166,USA
08/05/14 0:00,1250000,4,3.25,3820,24166,2,0,1,4,3310,510,1990,0,8565 E Mercer Way,Mercer Island,WA 98040,USA
08/05/14 0:00,413450,3,2.5,1540,1614,3,0,0,3,1470,70,2008,0,9202A Interlake Ave N,Seattle,WA 98103,USA
08/05/14 0:00,330000,2,2,1550,435600,1.5,0,0,2,1550,0,1972,0,36521 SE 94th St,Snoqualmie,WA 98065,USA
08/05/14 0:00,424500,3,1.75,1460,7700,1,0,0,3,1460,0,1979,2014,15917 NE 109th Way,Redmond,WA 98052,USA
08/05/14 0:00,230000,3,1,1390,16000,1,0,0,4,1390,0,1960,2001,322 9th Ave N,Algona,WA 98001,USA
08/05/14 0:00,930000,3,3.25,2640,4080,2,0,0,3,1840,800,1912,2000,4714 Thackeray Pl NE,Seattle,WA 98105,USA
08/05/14 0:00,349000,3,1.75,1590,9620,1,0,0,3,1590,0,1988,2000,4924 SE 2nd Pl,Renton,WA 98059,USA
08/05/14 0:00,835000,4,2,1910,6960,1.5,0,0,5,1910,0,1941,0,744 N 83rd St,Seattle,WA 98103,USA
08/05/14 0:00,988500,3,2.75,2015,16807,2,1,4,3,2015,0,2007,0,2973-3563 SW 172nd St,Burien,WA 98166,USA
08/05/14 0:00,500000,3,1.75,1410,1197,3,0,0,3,1410,0,2012,1912,4010 Linden Ave N,Seattle,WA 98103,USA
08/05/14 0:00,499000,2,1.5,1110,957,2,0,0,3,930,180,2005,0,1417 4th Ave W,Seattle,WA 98119,USA
08/05/14 0:00,321950,2,1.25,860,1277,2,0,0,3,860,0,2007,0,2113 15th Ave S,Seattle,WA 98144,USA
08/05/14 0:00,494000,3,2.5,2310,4729,2,0,0,3,2310,0,2011,0,7630 Todd Pl,Kenmore,WA 98028,USA
08/05/14 0:00,441750,2,1.5,1020,1060,3,0,0,3,1020,0,2008,0,743 N 71st St,Seattle,WA 98103,USA
08/05/14 0:00,438000,2,1,980,1179,2,0,0,3,980,0,2010,0,2050 14th Ave W,Seattle,WA 98119,USA
09/05/14 0:00,985000,4,2.25,4230,37769,2,0,0,3,4230,0,1989,0,19505 NE 143rd St,Woodinville,WA 98077,USA
09/05/14 0:00,352000,3,2.25,1640,11050,1,0,0,4,1640,0,1972,0,14513-14521 164th Pl SE,Renton,WA 98059,USA
09/05/14 0:00,839900,4,3.5,3810,13592,1,0,1,3,2560,1250,2013,1923,2411 Meadow Ave N,Renton,WA 98056,USA
09/05/14 0:00,765000,4,2.75,2790,10819,2,0,0,3,2790,0,1996,0,19490 SE 57th Pl,Issaquah,WA 98027,USA
09/05/14 0:00,460000,4,1.75,1750,5500,1.5,0,0,5,1050,700,1926,0,7021 24th Ave NW,Seattle,WA 98117,USA
09/05/14 0:00,224500,4,1,1430,8355,1.5,0,0,4,1430,0,1983,0,31714 125th Pl SE,Auburn,WA 98092,USA
09/05/14 0:00,254000,3,2.5,1850,4597,2,0,0,3,1850,0,2003,0,15407 SE 252nd Pl,Covington,WA 98042,USA
09/05/14 0:00,255000,2,1,960,28717,1,0,0,4,960,0,1984,0,29805-29821 129th Pl SW,Vashon,WA 98070,USA
09/05/14 0:00,610000,3,3,2480,45302,1,0,0,4,1620,860,1976,1992,19707 NE 181st St,Woodinville,WA 98077,USA
09/05/14 0:00,920000,4,3,3750,11025,2,0,0,3,3750,0,1976,0,3005 211th Ave NE,Sammamish,WA 98074,USA
09/05/14 0:00,402500,4,2.5,2600,11951,2,0,0,3,2600,0,1988,2000,33134 3rd Ct SW,Federal Way,WA 98023,USA
09/05/14 0:00,280950,3,1.75,1390,8700,1,0,3,4,840,550,1912,1989,629-899 Cedar Ave S,Renton,WA 98057,USA
09/05/14 0:00,604000,4,2.5,2260,7753,2,0,0,3,2260,0,1989,0,3809 260th Ave SE,Issaquah,WA 98029,USA
09/05/14 0:00,565000,4,2.25,2470,7447,2,0,0,3,2470,0,1984,0,4205 NE 169th Ct,Lake Forest Park,WA 98155,USA
09/05/14 0:00,255000,2,1,810,7980,1,0,0,1,810,0,1928,0,12727 2nd Ave SW,Seattle,WA 98146,USA
09/05/14 0:00,445000,4,2,1650,6000,1,0,0,5,1000,650,1959,0,2211 20th Ave S,Seattle,WA 98144,USA
09/05/14 0:00,2400000,3,2.25,3000,11665,1.5,1,4,3,3000,0,2001,0,East Lake Sammamish Trail,Sammamish,WA 98075,USA
09/05/14 0:00,195000,2,1,720,18000,1,0,0,3,720,0,1950,2005,10614 57th Ave S,Seattle,WA 98178,USA
09/05/14 0:00,275000,3,1.5,1390,48257,1,0,0,3,1390,0,1922,2013,4609-4699 Preston-Fall City Rd SE,Fall City,WA 98024,USA
09/05/14 0:00,387000,3,2.25,1445,1606,2,0,0,3,1300,145,2003,0,206-458 Lingering Pine Dr NW,Issaquah,WA 98027,USA
09/05/14 0:00,490000,2,1,1840,3300,1.5,0,0,4,1130,710,1910,0,6255 4th Ave NW,Seattle,WA 98107,USA
09/05/14 0:00,505000,3,2.5,2100,5824,2,0,2,3,2100,0,1999,0,7418 Dogwood Ln SE,Snoqualmie,WA 98065,USA
09/05/14 0:00,303500,3,1.5,1060,10464,1,0,0,4,1060,0,1973,0,14320 84th Ave NE,Kirkland,WA 98034,USA
09/05/14 0:00,270000,3,1.5,1500,6337,1,0,0,5,1500,0,1953,0,13532 15th Pl NE,Seattle,WA 98125,USA
09/05/14 0:00,323000,4,2.75,1970,7213,1,0,0,3,1170,800,1977,2004,17814 161st Ave SE,Renton,WA 98058,USA
09/05/14 0:00,382000,3,3.25,1410,1253,3,0,0,3,1410,0,2005,0,9507 Ashworth Ave N,Seattle,WA 98103,USA
09/05/14 0:00,1370000,4,2.75,3720,9450,1,0,4,5,1960,1760,1962,0,13615 Somerset Ln SE,Bellevue,WA 98006,USA
09/05/14 0:00,280000,4,2,2190,14439,1,0,0,4,1180,1010,1977,0,3331 S 368th Pl,Auburn,WA 98001,USA
09/05/14 0:00,260000,3,2,1920,8075,1,0,0,4,1510,410,1969,0,32704 33rd Ave SW,Federal Way,WA 98023,USA
09/05/14 0:00,201500,3,1,1160,8320,1,0,0,4,1160,0,1959,0,24345 35th Pl S,Kent,WA 98032,USA
09/05/14 0:00,1157200,4,4.25,5860,52889,2,0,0,4,4910,950,1996,0,13905 184th Ave NE,Woodinville,WA 98072,USA
09/05/14 0:00,536500,4,1.75,2000,4000,1.5,0,0,5,1450,550,1926,0,4127 Fauntleroy Way SW,Seattle,WA 98126,USA
09/05/14 0:00,248000,4,3,2163,5883,2,0,0,3,2163,0,2006,0,429 Milwaukee Blvd S,Algona,WA 98001,USA
09/05/14 0:00,532000,5,3,3480,57499,1,0,0,4,2340,1140,1976,1992,23801 SE 162nd St,Issaquah,WA 98027,USA
09/05/14 0:00,580000,4,2.5,2840,6268,2,0,0,3,2840,0,1998,2006,15217 80th Ave NE,Kenmore,WA 98028,USA
09/05/14 0:00,463000,2,1,1150,4400,1,0,0,4,1150,0,1905,0,401 31st Ave E,Seattle,WA 98112,USA
09/05/14 0:00,742500,4,2.75,3100,3773,2,0,0,3,2000,1100,1919,1996,1614 32nd Ave,Seattle,WA 98122,USA
09/05/14 0:00,260000,3,2.5,1420,14850,1,0,0,4,1020,400,1963,0,3319 S 262nd St,Kent,WA 98032,USA
09/05/14 0:00,590000,4,2.25,2430,32496,1,0,0,3,2430,0,1993,0,18616 215th Way NE,Woodinville,WA 98077,USA
09/05/14 0:00,312000,4,2.25,1930,7452,1,0,0,3,1430,500,1984,0,21423 114th Pl SE,Kent,WA 98031,USA
09/05/14 0:00,566000,3,2.25,1660,10140,1,0,0,4,1370,290,1980,0,9828 159th Pl NE,Redmond,WA 98052,USA
09/05/14 0:00,511555,3,2,1400,7293,1,0,0,4,1400,0,1963,0,2655 166th Ave SE,Bellevue,WA 98008,USA
09/05/14 0:00,583000,4,2.5,2660,4000,2,0,0,3,2660,0,2001,0,9921 227th Way NE,Redmond,WA 98053,USA
09/05/14 0:00,290000,4,2.5,2000,13300,1,0,0,4,1200,800,1968,0,3026 S Star Lake Rd,Auburn,WA 98001,USA
09/05/14 0:00,311100,4,2.25,2130,8078,1,0,0,4,1380,750,1977,0,3502 Morris Ave S,Renton,WA 98055,USA
09/05/14 0:00,325000,3,2.25,1352,1694,3,0,0,3,1352,0,2007,0,1211 NE 135th St,Seattle,WA 98125,USA
09/05/14 0:00,491300,3,1.75,1750,11340,1,0,1,4,1300,450,1987,0,400-498 211th Pl NE,Sammamish,WA 98074,USA
09/05/14 0:00,315000,5,1.75,2320,8100,1,0,0,4,1160,1160,1956,0,439 SW 156th St,Burien,WA 98166,USA
09/05/14 0:00,360000,2,1,1420,81892,1,0,0,3,1180,240,1956,2001,18730-18798 109 Ln SE,Renton,WA 98055,USA
09/05/14 0:00,330000,4,2.5,1940,3784,2,0,0,3,1940,0,2003,0,16828 166th Pl SE,Renton,WA 98058,USA
09/05/14 0:00,481450,3,2,1410,4800,1,0,0,3,1410,0,1940,1996,7701 16th Ave NW,Seattle,WA 98117,USA
09/05/14 0:00,234950,3,1,1360,9948,1,0,0,3,1360,0,1977,2004,21612 SE 290th Ct,Black Diamond,WA 98010,USA
09/05/14 0:00,251000,3,1.75,1220,7250,1,0,0,3,1220,0,1962,2003,445 Meadow Dr SE,North Bend,WA 98045,USA
09/05/14 0:00,782000,4,2.5,2830,20345,2,0,0,3,1980,850,1979,2014,11110 NE 38th Pl,Bellevue,WA 98004,USA
09/05/14 0:00,833000,4,2.75,3780,10308,2,0,0,3,3780,0,1999,0,26621 SE 22nd Way,Sammamish,WA 98075,USA
09/05/14 0:00,542500,4,2.5,2330,14289,2,0,0,4,2330,0,1978,2000,2084-2104 144th Ave SE,Bellevue,WA 98007,USA
09/05/14 0:00,851000,3,2.5,3560,107290,2,0,0,3,3560,0,1987,2000,21630-21648 NE 67th St,Redmond,WA 98053,USA
09/05/14 0:00,325000,4,1.5,1470,70800,1,0,0,3,1470,0,1976,0,29606 SE 286 St,Ravensdale,WA 98051,USA
09/05/14 0:00,415000,4,2.25,3060,48787,2,0,0,3,3060,0,1992,0,31701-31799 SE 291st St,Ravensdale,WA 98051,USA
09/05/14 0:00,252500,3,1,1030,6127,1,0,0,3,880,150,1947,2012,819 NE 125th St,Seattle,WA 98125,USA
09/05/14 0:00,465000,4,2.5,1930,9653,1,0,0,4,1930,0,1968,0,29612 2nd Ave SW,Federal Way,WA 98023,USA
09/05/14 0:00,336900,3,1.75,1780,120661,1,0,0,4,1780,0,1979,0,33030 NE 201st St,Duvall,WA 98019,USA
09/05/14 0:00,225000,3,2.5,2000,9202,2,0,0,4,2000,0,1992,0,21227 SE 278th Way,Maple Valley,WA 98038,USA
09/05/14 0:00,270000,3,2,1690,9583,1,0,0,4,1690,0,1969,0,108-150 Union Ave SE,Renton,WA 98059,USA
09/05/14 0:00,1702500,5,4.5,5190,23716,2,0,2,3,3390,1800,1987,2000,8608 N Mercer Way,Mercer Island,WA 98040,USA
09/05/14 0:00,536000,3,1.75,1300,5413,1.5,0,0,3,1300,0,1925,1992,9610 8th Ave NE,Seattle,WA 98115,USA
09/05/14 0:00,585000,4,3.25,2400,29252,2,0,0,4,2400,0,1982,2011,15610 NE 159th St,Woodinville,WA 98072,USA
09/05/14 0:00,445000,2,2,1150,6634,1,0,0,3,860,290,1940,1996,1721 NE 98th St,Seattle,WA 98115,USA
09/05/14 0:00,320000,4,2.25,2310,7490,2,0,0,3,2310,0,1980,0,11131 SE 183rd Pl,Renton,WA 98055,USA
09/05/14 0:00,769900,4,3.5,2730,3047,2,0,0,3,2400,330,2006,0,2653 46th Ave SW,Seattle,WA 98116,USA
09/05/14 0:00,557000,4,2.5,2840,4500,2,0,0,3,2840,0,2012,1912,19226 76th Pl NE,Kenmore,WA 98028,USA
09/05/14 0:00,212000,2,1.5,1020,1525,2,0,0,3,1020,0,2004,2003,10312 Linden Ave N,Seattle,WA 98133,USA
09/05/14 0:00,376000,3,2,1340,1384,3,0,0,3,1340,0,2008,0,9245-9249 Fremont Ave N,Seattle,WA 98103,USA
09/05/14 0:00,800000,4,3.25,3540,159430,2,0,0,3,3540,0,2007,0,33001 NE 24th St,Carnation,WA 98014,USA
09/05/14 0:00,2238888,5,6.5,7270,130017,2,0,0,3,6420,850,2010,0,7070 270th Pl SE,Issaquah,WA 98029,USA
09/05/14 0:00,324000,3,2.25,998,904,2,0,0,3,798,200,2007,0,820 NW 95th St,Seattle,WA 98117,USA
10/05/14 0:00,549900,5,2.75,3060,7015,1,0,0,5,1600,1460,1979,0,10834 31st Ave SW,Seattle,WA 98146,USA
10/05/14 0:00,320000,3,2.5,2130,6969,2,0,0,3,2130,0,2003,0,Cedar to Green River Trail,Maple Valley,WA 98038,USA
10/05/14 0:00,875000,4,2,2520,6000,1,0,0,3,1400,1120,1921,2007,6521 Fremont Ave N,Seattle,WA 98103,USA
10/05/14 0:00,265000,4,1,1940,9533,1,0,0,3,1080,860,1962,2003,9908 S 210th Pl,Kent,WA 98031,USA
10/05/14 0:00,394950,3,2.5,1350,1250,3,0,0,3,1270,80,2006,0,5940 California Ave SW,Seattle,WA 98136,USA
11/05/14 0:00,842500,4,2.5,2160,5298,2.5,0,0,4,2160,0,1902,0,906 17th Ave,Seattle,WA 98122,USA
11/05/14 0:00,368000,3,2.5,1370,1350,2,0,0,3,1010,360,2007,0,5411 Fauntleroy Way SW,Seattle,WA 98136,USA
12/05/14 0:00,1225000,4,4.5,5420,101930,1,0,0,3,3890,1530,2001,0,25005 NE Patterson Way,Redmond,WA 98053,USA
12/05/14 0:00,885000,4,2.5,2830,5000,2,0,0,3,2830,0,1995,0,3503 NE 43rd St,Seattle,WA 98105,USA
12/05/14 0:00,453246,3,2.5,2010,2287,2,0,0,3,1390,620,2014,0,2500 Mulberry Walk NE,Issaquah,WA 98029,USA
12/05/14 0:00,927000,4,2.75,3300,12090,2,0,0,3,3300,0,1953,0,9155 NE 21st Pl,Clyde Hill,WA 98004,USA
12/05/14 0:00,490000,2,2.5,1230,1391,2,0,0,3,870,360,2004,2003,106 24th Ave E,Seattle,WA 98112,USA
12/05/14 0:00,341000,3,1.5,1720,7119,1.5,0,0,4,1720,0,1952,0,17050 14th Avenue Northeast,Shoreline,WA 98155,USA
12/05/14 0:00,235000,1,1,810,2451,1,0,0,5,810,0,1941,0,9413 34th Ave SW,Seattle,WA 98126,USA
12/05/14 0:00,1200000,3,1.75,1560,8078,1.5,1,4,4,1560,0,1928,0,3603 W Mercer Way,Mercer Island,WA 98040,USA
12/05/14 0:00,560000,3,2,2560,216777,1,0,0,3,2560,0,1986,0,19211 SE 342nd St,Auburn,WA 98092,USA
12/05/14 0:00,900000,4,3.25,4700,38412,2,0,0,3,3420,1280,1978,0,3709 131st Ave NE,Bellevue,WA 98005,USA
12/05/14 0:00,255000,2,1,1220,2500,1,0,0,3,770,450,1910,2006,3017 SW Hinds St,Seattle,WA 98126,USA
12/05/14 0:00,1575000,5,2.75,3650,20150,1,0,0,4,2360,1290,1975,0,1216 86th Ave NE,Bellevue,WA 98004,USA
12/05/14 0:00,876650,3,3.25,2170,12508,1.5,0,0,5,1650,520,1928,1970,4436-4446 W Mercer Way,Mercer Island,WA 98040,USA
12/05/14 0:00,540000,4,2.25,2540,228254,1,0,0,3,1450,1090,1990,2009,31907 NE 139th St,Duvall,WA 98019,USA
12/05/14 0:00,350000,2,1,910,4500,1.5,0,0,4,910,0,1906,1990,4430 Letitia Ave S,Seattle,WA 98118,USA
12/05/14 0:00,750000,4,2.5,2980,4930,2,0,0,3,2890,90,2000,0,16512 SE 64th Pl,Bellevue,WA 98006,USA
12/05/14 0:00,582000,4,1.75,2120,4650,1,0,1,3,1190,930,1951,1994,9214 Cyrus Ave NW,Seattle,WA 98117,USA
12/05/14 0:00,1315000,4,3.5,3460,3997,2,0,0,3,2560,900,2004,2003,2346 N 59th St,Seattle,WA 98103,USA
12/05/14 0:00,372500,5,3,2480,10090,1,0,0,3,1300,1180,2004,2003,5537 S 119th St,Seattle,WA 98178,USA
12/05/14 0:00,410000,3,2.25,2200,16921,2,0,0,3,2200,0,1987,2000,21709 SE 255th Pl,Maple Valley,WA 98038,USA
12/05/14 0:00,360000,4,2,1730,5500,1,0,0,5,1010,720,1943,0,7953 14th Ave SW,Seattle,WA 98106,USA
12/05/14 0:00,1015000,3,2.5,2920,34527,1,0,4,4,1800,1120,1954,1983,5220 SW Pritchard St,Seattle,WA 98116,USA
12/05/14 0:00,225000,3,1,990,8012,1,0,0,4,990,0,1966,0,16411 120th Ave SE,Renton,WA 98058,USA
12/05/14 0:00,647000,4,2.5,3040,6887,2,0,0,3,3040,0,1999,0,215 243rd Ave SE,Sammamish,WA 98074,USA
12/05/14 0:00,950000,5,3,4530,258746,1.5,0,0,4,3200,1330,2003,0,20325 NE 198th St,Woodinville,WA 98077,USA
12/05/14 0:00,185000,3,1.5,1370,8470,1,0,0,4,1370,0,1961,2001,2420 Dogwood St SE,Auburn,WA 98092,USA
12/05/14 0:00,335000,3,2.5,1940,4927,2,0,0,3,1940,0,2004,2003,17217 Woodside Dr SE,Renton,WA 98058,USA
12/05/14 0:00,210000,3,2.5,1040,2643,2,0,0,3,720,320,2004,2003,5145 S Roxbury St,Seattle,WA 98118,USA
12/05/14 0:00,522000,4,2.25,1800,8623,1,0,0,4,1360,440,1980,0,11725 NE 102nd Pl,Kirkland,WA 98033,USA
12/05/14 0:00,770000,3,1.75,1720,5000,1,0,0,3,1720,0,1954,2014,1614 33rd Ave,Seattle,WA 98122,USA
12/05/14 0:00,499950,3,1,980,6380,1,0,0,3,760,220,1941,1994,1733 NE 88th St,Seattle,WA 98115,USA
12/05/14 0:00,751000,4,2.5,3110,6142,2,0,0,3,3110,0,2004,2003,11461-11577 172nd Ave NE,Redmond,WA 98052,USA
12/05/14 0:00,330000,5,3,2100,7715,1,0,0,3,1250,850,2013,1923,1047-1099 S 130th St,Burien,WA 98168,USA
12/05/14 0:00,465000,3,1.5,2020,11358,1,0,0,4,1190,830,1956,0,11618 NE 65th St,Kirkland,WA 98033,USA
12/05/14 0:00,850000,4,1.75,2350,11914,1,0,0,4,2350,0,1961,2001,8223 SE 71st St,Mercer Island,WA 98040,USA
12/05/14 0:00,947500,4,2.25,3290,12329,1.5,0,0,4,3290,0,1968,0,9202 SE 46th St,Mercer Island,WA 98040,USA
12/05/14 0:00,302000,5,2.25,2180,7813,2,0,0,3,2180,0,1986,0,26405 218th Ave SE,Maple Valley,WA 98038,USA
12/05/14 0:00,500000,2,2.25,1290,1334,3,0,0,3,1290,0,2007,0,5900 20th Ave NW,Seattle,WA 98107,USA
12/05/14 0:00,201000,3,1,1460,9750,1,0,0,4,1460,0,1969,0,30928 148th Ave SE,Kent,WA 98042,USA
12/05/14 0:00,265000,2,1,1290,2828,2,0,0,3,1290,0,2008,0,23549 NE 111th St,Redmond,WA 98053,USA
12/05/14 0:00,870300,4,2.5,2350,3150,1.5,0,0,4,1690,660,1910,0,4410 Burke Ave N,Seattle,WA 98103,USA
12/05/14 0:00,339000,3,1,1080,8100,1,0,0,4,1080,0,1955,2009,20248 20th Ave NE,Shoreline,WA 98155,USA
12/05/14 0:00,690000,4,2.5,2670,13463,2,0,0,4,2670,0,1989,0,24127 SE 45th Pl,Issaquah,WA 98029,USA
12/05/14 0:00,788000,4,3.25,3680,5759,2,0,0,3,2840,840,2003,0,570 Wilderness Peak Dr NW,Issaquah,WA 98027,USA
12/05/14 0:00,315275,3,1.75,1440,8040,1,0,0,3,960,480,1951,1994,11521 22nd Ave NE,Seattle,WA 98125,USA
12/05/14 0:00,505000,4,1.75,1940,4800,1,0,0,5,1030,910,1922,1956,414 14th Ave,Seattle,WA 98122,USA
12/05/14 0:00,368000,3,1,1280,9898,1,0,0,3,1280,0,1968,1997,13222 NE 193rd Pl,Woodinville,WA 98072,USA
12/05/14 0:00,947500,3,2.75,2980,27144,1.5,1,2,5,2180,800,1917,0,Indian Trail,Burien,WA 98166,USA
12/05/14 0:00,156000,3,1,970,8580,1,0,0,3,970,0,1959,1989,29621 18th Ave S,Federal Way,WA 98003,USA
12/05/14 0:00,610000,4,3,2110,5000,1.5,0,2,4,1640,470,1930,0,9319 45th Ave SW,Seattle,WA 98136,USA
12/05/14 0:00,420000,2,2.5,1480,1369,3,0,0,3,1480,0,2009,0,8107 165th Ave NE,Redmond,WA 98052,USA
12/05/14 0:00,192000,2,1,700,10540,1,0,0,3,700,0,1953,0,124 SW 185th St,Normandy Park,WA 98166,USA
12/05/14 0:00,910000,3,2,2700,6120,1,0,0,4,1350,1350,1962,0,124 NE 61st St,Seattle,WA 98115,USA
12/05/14 0:00,1300000,4,3.25,2330,9687,2,0,3,3,2330,0,1918,0,731 McGilvra Blvd E,Seattle,WA 98112,USA
12/05/14 0:00,1346400,5,1.75,3380,20021,1,0,0,4,1690,1690,1963,0,9640 NE 32nd St,Clyde Hill,WA 98004,USA
12/05/14 0:00,840000,4,2.75,2600,2750,1.5,0,0,3,1620,980,1936,0,2455 Queen Anne Ave N,Seattle,WA 98109,USA
12/05/14 0:00,300000,2,1.75,1360,8100,1,0,0,3,860,500,1975,0,13730 2nd Ave NW,Seattle,WA 98177,USA
12/05/14 0:00,505000,4,2.5,2780,6369,1,0,0,3,1590,1190,1978,0,9311 NE 142nd St,Kirkland,WA 98034,USA
12/05/14 0:00,110000,3,1,1250,53143,1,0,0,5,1250,0,1945,0,19693-19799 SE Maple Valley Hwy,Maple Valley,WA 98038,USA
12/05/14 0:00,746000,3,2.5,2620,8950,2,0,0,3,2620,0,1992,0,16580 SE 57th Pl,Bellevue,WA 98006,USA
12/05/14 0:00,211000,3,1.5,1350,7620,1,0,0,5,1350,0,1941,0,16251 12th Ave SW,Burien,WA 98166,USA
12/05/14 0:00,675000,4,3,2400,3340,1,0,0,4,1200,1200,1964,0,618 NW 49th St,Seattle,WA 98107,USA
12/05/14 0:00,734200,4,2.5,2760,5000,1.5,0,0,5,1680,1080,1928,1970,950 NW 60th St,Seattle,WA 98107,USA
12/05/14 0:00,1225000,4,2.25,3070,16028,1,0,3,3,1870,1200,1976,0,8434 W Mercer Way,Mercer Island,WA 98040,USA
12/05/14 0:00,615000,2,1.75,2040,28593,1.5,1,3,4,2040,0,1919,1990,23014 Vashon Hwy SW,Vashon,WA 98070,USA
12/05/14 0:00,630000,4,2,1770,6000,2,0,0,5,1770,0,1911,1981,3219 34th Ave W,Seattle,WA 98199,USA
12/05/14 0:00,1264000,4,3.75,3490,9170,2,0,0,3,3490,0,2012,1912,10442 SE 13th St,Bellevue,WA 98004,USA
12/05/14 0:00,301500,2,1.5,830,1333,2,0,0,3,830,0,2005,0,5650 Fauntleroy Way SW,Seattle,WA 98136,USA
12/05/14 0:00,369000,2,2.5,980,895,2,0,0,3,670,310,2009,0,1716 California Ave SW,Seattle,WA 98116,USA
12/05/14 0:00,635000,3,2.5,1570,1433,3,0,0,3,1570,0,2010,0,7815 Stroud Ave N,Seattle,WA 98103,USA
12/05/14 0:00,1033888,4,3.25,3270,5187,2,0,0,3,3110,160,2014,0,10774 155th Pl NE,Redmond,WA 98052,USA
12/05/14 0:00,383000,4,2.5,2160,6223,2,0,0,3,2160,0,2010,0,22442-22446 Southeast 281st Court,Maple Valley,WA 98038,USA
12/05/14 0:00,1050000,4,3.75,3280,11000,2,0,0,3,2320,960,2008,0,1313 4th St,Kirkland,WA 98033,USA
13/05/14 0:00,455000,4,2.5,3360,7685,2,0,0,3,3360,0,2001,0,18416 172nd Ct SE,Renton,WA 98058,USA
13/05/14 0:00,819900,5,2.75,3150,7119,2,0,0,3,3150,0,2013,1923,8082-8160 142nd Ave NE,Redmond,WA 98052,USA
13/05/14 0:00,625000,3,3.5,1810,1846,2,0,0,4,1440,370,2009,0,512-598 21st Ave,Seattle,WA 98122,USA
13/05/14 0:00,651000,4,2.5,2740,7140,2,0,0,3,2740,0,1993,0,2476 239th Pl NE,Sammamish,WA 98074,USA
13/05/14 0:00,480000,5,4.75,3830,35000,1,0,0,3,2130,1700,1976,0,18125 194th Ave NE,Woodinville,WA 98077,USA
13/05/14 0:00,757000,3,3.25,3190,5283,2,0,0,3,3190,0,2007,0,2065 NE Nelson Ln,Issaquah,WA 98029,USA
13/05/14 0:00,460000,3,2.25,2350,10450,1,0,0,3,1390,960,1977,2004,15801 63rd Ave NE,Kenmore,WA 98028,USA
13/05/14 0:00,267345,4,2.25,2510,8165,1,0,0,4,1610,900,1972,0,2831 SW 327th St,Federal Way,WA 98023,USA
13/05/14 0:00,530000,2,2,1680,4950,1,0,0,3,1680,0,2006,0,23726 NE 134th Pl,Redmond,WA 98053,USA
13/05/14 0:00,449500,3,2,1770,6610,1,0,0,4,960,810,1954,1979,19293 Stone Ave N,Shoreline,WA 98133,USA
13/05/14 0:00,289000,3,1,1090,7315,1,0,0,5,1090,0,1981,0,4018 NE 6th Ct,Renton,WA 98056,USA
13/05/14 0:00,373000,5,2.5,3001,5710,2,0,0,3,3001,0,2006,0,25523 123rd Pl SE,Kent,WA 98030,USA
13/05/14 0:00,525000,5,3,2450,4591,2,0,0,3,2450,0,1994,0,7349 24th Ave NW,Seattle,WA 98117,USA
13/05/14 0:00,777000,3,3.25,3610,59677,2,0,0,3,2440,1170,2003,0,18913 SE 63rd Pl,Issaquah,WA 98027,USA
13/05/14 0:00,550000,4,2,2250,7500,1,0,0,5,1200,1050,1956,0,2448 137th Ave SE,Bellevue,WA 98005,USA
13/05/14 0:00,523000,3,1.5,1240,7735,1,0,0,4,1240,0,1957,2001,1020 163rd Ave SE,Bellevue,WA 98008,USA
13/05/14 0:00,628000,4,2,2260,6000,1,0,0,3,1430,830,1958,2004,8028 27th Ave NE,Seattle,WA 98115,USA
13/05/14 0:00,581000,4,1.75,2090,8164,1,0,0,4,1070,1020,1963,0,7408 138th Pl NE,Redmond,WA 98052,USA
13/05/14 0:00,245000,5,1.75,2020,7902,1,0,0,3,1220,800,1962,2003,10412 Aqua Way S,Seattle,WA 98168,USA
13/05/14 0:00,415000,3,1.75,1960,5000,1,0,0,5,980,980,1911,1984,4958 12th Ave S,Seattle,WA 98108,USA
13/05/14 0:00,1895000,5,2.25,3120,16672,2,0,0,4,3120,0,1969,0,9045 NE 40th Pl,Yarrow Point,WA 98004,USA
13/05/14 0:00,225000,3,1.5,1250,7500,1,0,0,3,1250,0,1967,2011,1405 E Maple St,Kent,WA 98030,USA
13/05/14 0:00,287000,3,2.25,1490,9600,1,0,0,4,1170,320,1987,0,27020 NE Ring St,Duvall,WA 98019,USA
13/05/14 0:00,799200,6,3,2890,2370,2.5,0,0,3,2290,600,1906,2014,420 Boylston Ave E,Seattle,WA 98102,USA
13/05/14 0:00,239950,3,1,1900,33888,1.5,0,0,4,1900,0,1942,1982,36400-36452 51st Ave S,Auburn,WA 98001,USA
13/05/14 0:00,591000,3,1.75,1680,2400,1,0,0,5,870,810,1922,1956,1600-1608 25th Ave,Seattle,WA 98122,USA
13/05/14 0:00,700000,3,2.5,2030,8398,2,0,0,4,2030,0,1975,0,18307 NE 19th Pl,Bellevue,WA 98008,USA
13/05/14 0:00,475000,4,2.5,3740,8700,1,0,0,3,2260,1480,2004,2003,16700 SE 161st St,Renton,WA 98058,USA
13/05/14 0:00,575000,3,1.75,1580,11750,1,0,0,4,1180,400,1951,1999,5461 S Othello St,Seattle,WA 98118,USA
13/05/14 0:00,771000,3,2.25,1780,6120,1.5,0,0,4,1390,390,1927,0,171 Lake Washington Blvd,Seattle,WA 98122,USA
13/05/14 0:00,155000,2,1,910,6232,1,0,0,3,910,0,1943,2002,4812 S Chicago St,Seattle,WA 98118,USA
13/05/14 0:00,550000,7,4,3440,8100,2,0,0,3,3440,0,1970,2014,718 N 95th St,Seattle,WA 98103,USA
13/05/14 0:00,645000,3,2.5,1740,13750,2,0,0,4,1740,0,1975,0,1673 Rosemont Blvd,Bellevue,WA 98008,USA
13/05/14 0:00,464000,5,2.5,3400,8970,1,0,0,4,1700,1700,1959,0,14700 Burke Ave N,Shoreline,WA 98133,USA
13/05/14 0:00,1050000,4,3.25,4400,16625,2,0,0,3,4400,0,2003,0,27747 SE 24th Way,Sammamish,WA 98075,USA
13/05/14 0:00,350000,3,2.5,2010,14298,2,0,0,3,2010,0,1977,2004,10711 SW 111th Pl,Vashon,WA 98070,USA
13/05/14 0:00,591000,4,2.25,2710,38180,2,0,0,4,2710,0,1977,0,19615 182nd Ave NE,Woodinville,WA 98077,USA
13/05/14 0:00,2555000,4,2.5,5300,26211,2,1,2,2,4570,730,1923,0,4437 55th Ave NE,Seattle,WA 98105,USA
13/05/14 0:00,717000,3,1.5,1310,3880,1,0,0,3,1090,220,1956,2001,7325 Earl Ave NW,Seattle,WA 98117,USA
13/05/14 0:00,225000,4,1.5,1950,12559,1.5,0,0,3,1950,0,1939,1969,4030-4198 S 186th St,SeaTac,WA 98188,USA
13/05/14 0:00,225000,3,1,1040,6535,1,0,0,3,1040,0,1947,2012,12446 21st Ave S,Seattle,WA 98168,USA
13/05/14 0:00,345000,3,1.75,1090,7200,1,0,0,3,1090,0,1968,1997,12033 NE 136th Pl,Kirkland,WA 98034,USA
13/05/14 0:00,230000,2,0.75,650,5360,1,0,0,4,650,0,1931,0,13540 Burke Ave N,Seattle,WA 98133,USA
13/05/14 0:00,385000,3,2,1480,6600,1,0,2,3,740,740,1943,2002,4115 SW 106th St,Seattle,WA 98146,USA
13/05/14 0:00,90000,2,1,790,2640,1,0,0,3,790,0,1973,2013,14710 122nd Pl NE,Kirkland,WA 98034,USA
13/05/14 0:00,860000,4,2.5,3560,11119,1,0,2,3,2290,1270,1986,0,3883 112th Ave NE,Bellevue,WA 98004,USA
13/05/14 0:00,675000,4,2.5,3000,5548,2,0,0,3,3000,0,2006,0,11409 SE 71st Pl,Newcastle,WA 98056,USA
13/05/14 0:00,975000,4,2.5,3490,7494,2,0,3,3,3490,0,2000,0,4902 159th Pl SE,Bellevue,WA 98006,USA
13/05/14 0:00,780000,3,1.75,2340,10495,1,0,0,4,2340,0,1967,0,8421 SE 72nd Pl,Mercer Island,WA 98040,USA
13/05/14 0:00,370000,3,1.75,1650,8254,1,0,0,5,1060,590,1951,0,18015 25th Ave NE,Shoreline,WA 98155,USA
13/05/14 0:00,665000,3,2,1940,5820,1.5,0,0,5,1150,790,1944,0,324 NW 48th St,Seattle,WA 98107,USA
13/05/14 0:00,675000,5,3,3410,9600,1,0,0,4,1870,1540,1968,0,2830 177th Ave NE,Redmond,WA 98052,USA
13/05/14 0:00,620000,3,1,1710,4050,1.5,0,0,3,1710,0,1909,2004,6101-6149 Corliss Ave N,Seattle,WA 98103,USA
13/05/14 0:00,1105000,4,1.5,2740,4000,2,0,0,5,1930,810,1905,0,1707-1713 3rd Ave N,Seattle,WA 98109,USA
13/05/14 0:00,450000,3,2.75,1250,892,2,0,0,3,1040,210,2010,0,2301 California Ave SW,Seattle,WA 98116,USA
13/05/14 0:00,450000,3,2.25,2450,42180,1,0,0,4,2450,0,1978,2000,17081-17183 SE Wax Rd,Covington,WA 98042,USA
13/05/14 0:00,530000,3,1.75,1690,8190,1,0,0,4,1690,0,1958,1972,2711 126th Ave SE,Bellevue,WA 98005,USA
13/05/14 0:00,635000,4,1.75,1950,13320,1,0,0,4,1370,580,1969,0,15018 NE 10th Pl,Bellevue,WA 98007,USA
13/05/14 0:00,580000,5,2,2290,7125,1,0,0,3,1190,1100,1964,2000,16541 NE 27th Pl,Bellevue,WA 98008,USA
13/05/14 0:00,1550000,5,3.25,3370,17458,1,0,2,5,2000,1370,1982,0,8126-8196 Forest Ave SE,Mercer Island,WA 98040,USA
13/05/14 0:00,285000,3,1,1090,8640,1,0,0,4,1090,0,1973,0,16014 16th Ave SW,Burien,WA 98166,USA
13/05/14 0:00,375000,3,1,1190,9486,1,0,0,4,1190,0,1953,1983,217 SW 191st St,Normandy Park,WA 98166,USA
13/05/14 0:00,1400000,5,4.25,3530,7924,2,0,0,3,3530,0,2001,0,2278 72nd Ave SE,Mercer Island,WA 98040,USA
13/05/14 0:00,560000,3,1,1440,5000,2,0,0,3,1440,0,1910,2006,6206 Phinney Ave N,Seattle,WA 98103,USA
13/05/14 0:00,405000,4,1.75,2180,13529,1,0,0,3,1090,1090,1956,2001,16722 32nd Pl NE,Lake Forest Park,WA 98155,USA
13/05/14 0:00,413000,4,1,1410,6000,1,0,0,3,810,600,1925,2002,4118 32nd Ave SW,Seattle,WA 98126,USA
13/05/14 0:00,287600,3,2.5,1950,8251,2,0,0,3,1950,0,1990,2009,4222 S 288th Pl,Auburn,WA 98001,USA
13/05/14 0:00,1680000,5,3.25,4860,23723,2,0,2,4,3820,1040,1989,0,9250 SE 36th Pl,Mercer Island,WA 98040,USA
13/05/14 0:00,225000,3,1,1660,7210,1,0,0,3,1100,560,1963,2008,29140 42nd Ave S,Auburn,WA 98001,USA
13/05/14 0:00,319000,3,1,1390,12823,1,0,0,4,1390,0,1968,0,15846 196th Pl NE,Woodinville,WA 98077,USA
13/05/14 0:00,322500,3,2,1350,14200,1,0,0,3,1350,0,1989,0,14405 274th Ct NE,Duvall,WA 98019,USA
13/05/14 0:00,570000,3,2,1530,5401,1,0,0,4,1530,0,1937,0,7741 22nd Ave NE,Seattle,WA 98115,USA
13/05/14 0:00,465000,3,1.5,1270,5112,1,0,0,3,1270,0,1950,2005,3616 NE 65th St,Seattle,WA 98115,USA
13/05/14 0:00,435000,4,2.25,2140,6355,2,0,0,3,2140,0,2002,0,7125 Silent Creek Ave SE,Snoqualmie,WA 98065,USA
13/05/14 0:00,502000,4,2.5,2040,5616,2,0,0,3,2040,0,2012,1912,7617 NE 201st Pl,Kenmore,WA 98028,USA
13/05/14 0:00,525000,3,3.5,2876,5086,2,0,0,3,2360,516,2007,0,12467 NE 171st Pl,Woodinville,WA 98072,USA
13/05/14 0:00,525000,3,2.5,1580,1161,2,0,0,3,1010,570,2008,0,213 26th Ave E,Seattle,WA 98112,USA
13/05/14 0:00,660000,4,3.5,3400,5196,2,0,0,3,3400,0,2012,1912,9314 Ash Ave SE,Snoqualmie,WA 98065,USA
13/05/14 0:00,870000,4,2.5,3520,6773,2.5,0,0,3,2650,870,2006,0,7921 45th Ave SW,Seattle,WA 98136,USA
13/05/14 0:00,650000,4,2.5,2210,4861,2,0,0,3,2210,0,2013,1923,615 NW 92nd St,Seattle,WA 98117,USA
13/05/14 0:00,505000,4,2.5,2790,5602,2,0,0,3,2790,0,2009,0,5138 NE 8th St,Renton,WA 98059,USA
13/05/14 0:00,330000,3,2.5,1450,5008,1,0,0,3,840,610,2007,0,6544 18th Ave SW,Seattle,WA 98106,USA
14/05/14 0:00,385000,4,1.75,1620,4980,1,0,0,4,860,760,1947,1988,10037 Interlake Ave N,Seattle,WA 98133,USA
14/05/14 0:00,306000,3,1.5,1220,1086,3,0,0,3,1220,0,2007,0,353 N 105th St,Seattle,WA 98133,USA
14/05/14 0:00,546000,3,1.75,2000,5000,1,0,0,4,1110,890,1921,0,7730 33rd Ave NW,Seattle,WA 98117,USA
14/05/14 0:00,925000,4,2.5,2190,7350,2.5,0,0,5,2190,0,1958,0,3446 77th Ave SE,Mercer Island,WA 98040,USA
14/05/14 0:00,542000,4,1.75,1900,8250,1,0,0,4,950,950,1955,2009,3810 145th Ave SE,Bellevue,WA 98006,USA
14/05/14 0:00,800000,3,1,1700,4400,1.5,0,0,4,1700,0,1906,1990,1109 32nd Ave,Seattle,WA 98122,USA
14/05/14 0:00,620000,5,2.5,2540,3832,2,0,0,5,1760,780,1929,0,7558 32nd Ave NW,Seattle,WA 98117,USA
14/05/14 0:00,175000,2,1,1170,8925,1,0,2,3,1170,0,1911,1979,921 S 223rd St,Des Moines,WA 98198,USA
14/05/14 0:00,740000,5,5,5774,31675,1,0,2,3,4490,1284,1984,0,28511 10th Ave S,Federal Way,WA 98003,USA
14/05/14 0:00,345000,3,2.25,2120,15003,2,0,0,3,2120,0,1984,0,14319 165th Pl SE,Renton,WA 98059,USA
14/05/14 0:00,510000,3,1.75,2170,26460,1,0,0,3,1450,720,1986,0,721 222nd Pl NE,Sammamish,WA 98074,USA
14/05/14 0:00,530000,4,2.75,2450,15002,1,0,0,5,2450,0,1974,0,404 SW 197th St,Normandy Park,WA 98166,USA
14/05/14 0:00,155000,2,1,700,5200,1,0,0,5,700,0,1952,1998,475-547 Monroe Ave NE,Renton,WA 98056,USA
14/05/14 0:00,266000,3,2.5,1780,7214,1,0,0,4,1400,380,1986,0,26205 119th Dr SE,Kent,WA 98030,USA
14/05/14 0:00,257200,3,2,1850,8250,1,0,0,4,1150,700,1952,0,200 Pike St SE,Auburn,WA 98002,USA
14/05/14 0:00,265000,3,2,1570,5706,1,0,0,3,1570,0,1998,2006,11549 SE 319th Pl,Auburn,WA 98092,USA
14/05/14 0:00,372220,3,1,1290,5500,1,0,0,3,980,310,1951,1994,4607 SW Cloverdale St,Seattle,WA 98136,USA
14/05/14 0:00,337500,5,2,1700,7314,1,0,0,3,1000,700,1956,2001,6000-6048 22nd Ave S,Seattle,WA 98108,USA
14/05/14 0:00,582500,2,1.5,1159,4800,1,0,0,3,1159,0,1948,1994,4254 33rd Ave W,Seattle,WA 98199,USA
14/05/14 0:00,489200,3,2.75,1850,9600,1.5,0,0,5,1850,0,1965,0,8622 NE 139th St,Kirkland,WA 98034,USA
14/05/14 0:00,405100,2,1,840,3522,1,0,0,3,840,0,1947,2012,2901 W Elmore St,Seattle,WA 98199,USA
14/05/14 0:00,372977,3,2.5,1690,1618,2,0,0,3,1150,540,2014,0,2500 Mulberry Walk NE,Issaquah,WA 98029,USA
14/05/14 0:00,310000,3,1,1050,9876,1,0,0,3,1050,0,1953,0,18527 Kenlake Pl NE,Kenmore,WA 98028,USA
14/05/14 0:00,538000,3,1.75,1400,3825,1.5,0,0,4,1100,300,1904,0,6917 28th Ave NW,Seattle,WA 98117,USA
14/05/14 0:00,1400000,3,2.5,2550,7200,2,0,2,3,2550,0,1981,2013,316 Lake Washington Blvd S,Seattle,WA 98144,USA
14/05/14 0:00,317000,3,2.5,1840,5011,2,0,0,3,1840,0,2012,1912,21560 SE 275th Ct,Maple Valley,WA 98038,USA
14/05/14 0:00,702500,3,1.5,2360,6750,2,0,0,5,1930,430,1926,0,2145 N 88th St,Seattle,WA 98103,USA
14/05/14 0:00,565000,4,2.5,2240,14667,2,0,0,4,2240,0,1989,0,13547 SE 83rd St,Newcastle,WA 98059,USA
14/05/14 0:00,723000,4,2.5,2700,4004,2,0,0,3,2700,0,2004,2003,2363 30th Ave NE,Issaquah,WA 98029,USA
14/05/14 0:00,766950,3,2.5,3030,30007,1.5,0,0,4,3030,0,1992,0,15905 Saybrook Dr NE,Woodinville,WA 98077,USA
14/05/14 0:00,682000,3,1.75,1830,5120,1.5,0,2,5,1830,0,1903,0,322 16th Ave,Seattle,WA 98122,USA
14/05/14 0:00,325000,3,2.5,2220,6049,2,0,0,4,2220,0,1990,0,11909 SE 228th Pl,Kent,WA 98031,USA
14/05/14 0:00,543000,3,2.5,2090,7640,1,0,0,3,1360,730,1962,2014,14836 Densmore Ave N,Shoreline,WA 98133,USA
14/05/14 0:00,525000,3,1.75,1600,6120,1.5,0,0,3,1600,0,1924,2011,7557 35th Ave NE,Seattle,WA 98115,USA
14/05/14 0:00,364000,4,1.75,2010,8625,1,0,0,4,1340,670,1957,2001,16501-16515 Carlyle Hall Rd N,Shoreline,WA 98133,USA
14/05/14 0:00,394475,2,1,830,4000,1,0,0,3,830,0,1955,2005,8715 17th Ave NW,Seattle,WA 98117,USA
14/05/14 0:00,316000,4,2.5,2010,7226,2,0,0,3,2010,0,1995,0,1522 55th Ct SE,Auburn,WA 98092,USA
14/05/14 0:00,339950,3,1,1050,5402,1.5,0,0,4,1050,0,1906,1990,1807 17th Ave S,Seattle,WA 98144,USA
14/05/14 0:00,486000,4,2.5,2150,39449,1,0,0,3,1420,730,1978,0,5242 336th Ave SE,Fall City,WA 98024,USA
14/05/14 0:00,160000,3,1,860,11900,1,0,0,4,860,0,1963,0,27204 116th Pl SE,Kent,WA 98030,USA
14/05/14 0:00,930000,3,2.5,3100,20553,1,0,0,3,3100,0,1954,2005,1456 NW 185th St,Shoreline,WA 98177,USA
14/05/14 0:00,139000,3,1,1100,17334,1,0,0,3,1100,0,1978,0,33610 51st Ave S,Auburn,WA 98001,USA
14/05/14 0:00,562000,3,1.5,1830,8000,1,0,0,4,1830,0,1957,2001,920 163rd Ave SE,Bellevue,WA 98008,USA
14/05/14 0:00,299000,2,1.75,1250,34395,1,0,0,4,1250,0,1950,1983,1400 S 359th St,Federal Way,WA 98003,USA
14/05/14 0:00,511000,3,2.5,1820,4883,2,0,0,3,1820,0,2005,0,14800-14822 88th Ave NE,Kenmore,WA 98028,USA
14/05/14 0:00,499000,3,2,2090,42689,1.5,0,0,3,2090,0,1959,1998,30004 SE Lake Retreat S Dr,Ravensdale,WA 98051,USA
14/05/14 0:00,356000,3,3.5,2100,12384,2,0,0,3,2100,0,1980,0,14937 57th Ave S,Tukwila,WA 98168,USA
14/05/14 0:00,470000,4,2.5,2310,14023,2,0,0,3,2310,0,1991,0,14923 280th Pl NE,Duvall,WA 98019,USA
14/05/14 0:00,715000,4,2.25,2060,5649,1,0,0,5,1360,700,1941,0,3305 39th Ave W,Seattle,WA 98199,USA
14/05/14 0:00,1120000,4,2.25,4470,60373,2,0,0,3,4470,0,1988,2000,14235 160th Ave NE,Woodinville,WA 98072,USA
14/05/14 0:00,458000,3,1,1660,7500,1,0,0,4,1060,600,1940,2001,2000 NE 113th St,Seattle,WA 98125,USA
14/05/14 0:00,966000,5,4.5,3810,8019,2,0,0,3,3810,0,2008,0,2033 211th Pl SE,Sammamish,WA 98075,USA
14/05/14 0:00,305495,3,1.75,2110,10200,2,0,0,4,2110,0,1966,0,14244 140th Ave SE,Renton,WA 98059,USA
14/05/14 0:00,543000,2,2,2370,217800,1.5,0,0,3,1600,770,1992,0,11400-11598 SE 114th Pl,Issaquah,WA 98027,USA
14/05/14 0:00,340000,3,2.25,1970,3716,2,0,0,3,1970,0,1997,0,504 Shelton Ct NE,Renton,WA 98056,USA
14/05/14 0:00,633100,4,2.5,2470,33305,2,0,0,3,2470,0,1993,0,26021 NE 25th St,Redmond,WA 98053,USA
14/05/14 0:00,310000,3,1,1480,7830,1,0,0,3,1480,0,1952,2008,1909 N 195th St,Shoreline,WA 98133,USA
14/05/14 0:00,349950,5,3,2257,10117,1,0,0,3,1363,894,2005,0,3755 S 168th St,SeaTac,WA 98188,USA
14/05/14 0:00,267800,2,1,700,6000,1,0,0,4,700,0,1949,1985,16824 11th Pl NE,Shoreline,WA 98155,USA
14/05/14 0:00,234000,4,2,1630,9010,1,0,0,4,1050,580,1975,0,10872 SE 318th Pl,Auburn,WA 98092,USA
14/05/14 0:00,740000,4,2.5,3430,10157,2,0,0,3,3430,0,2000,0,13622 NE 136th Pl,Kirkland,WA 98034,USA
14/05/14 0:00,607500,5,1.75,2220,6000,1.5,0,0,3,1420,800,1923,1998,3047 21st Ave W,Seattle,WA 98199,USA
14/05/14 0:00,223000,3,1.75,1340,7473,1,0,0,4,1340,0,1973,0,16 R Pl NE,Auburn,WA 98002,USA
14/05/14 0:00,400000,2,1,980,2130,1,0,0,4,860,120,1918,1974,6520-6588 8th Ave NW,Seattle,WA 98117,USA
14/05/14 0:00,802000,3,2.5,2580,13096,2,0,0,3,2580,0,1986,0,6133 147th Pl NE,Redmond,WA 98052,USA
14/05/14 0:00,253000,4,2.5,2230,4541,2,0,0,3,2230,0,2006,0,24217 181st Pl SE,Covington,WA 98042,USA
14/05/14 0:00,1058000,4,2,2290,11137,1,0,0,4,2290,0,1955,2009,10441 SE 24th Pl,Bellevue,WA 98004,USA
14/05/14 0:00,300000,3,1,1260,8280,1,0,0,3,1260,0,1946,0,2559 NE 98th St,Seattle,WA 98115,USA
14/05/14 0:00,625000,4,2.75,1680,11180,1,0,0,4,1680,0,1966,0,15924 NE 53rd St,Redmond,WA 98052,USA
14/05/14 0:00,707000,4,3.25,3200,7081,2,0,0,3,3200,0,2004,2003,26054 SE 23rd Pl,Sammamish,WA 98075,USA
14/05/14 0:00,950000,4,2.5,3320,7644,2,0,0,3,3320,0,1995,0,5491 175th Pl SE,Bellevue,WA 98006,USA
14/05/14 0:00,420000,4,2.5,3040,24123,2,0,0,3,3040,0,1999,0,4620 Kennedy Ave SE,Auburn,WA 98092,USA
14/05/14 0:00,498000,4,2.75,2270,7375,1,0,0,4,1290,980,1973,0,12901 NE 136th St,Kirkland,WA 98034,USA
14/05/14 0:00,450000,3,2.5,2910,17172,2,0,0,3,2910,0,1989,0,36023 3rd Ave S,Federal Way,WA 98003,USA
14/05/14 0:00,955000,5,2.25,2510,9887,2,0,0,3,2510,0,1972,2002,7590 86th Ave SE,Mercer Island,WA 98040,USA
14/05/14 0:00,215000,2,1,1240,7200,1,0,0,3,1240,0,1967,2011,4036 S 119th St,Tukwila,WA 98168,USA
14/05/14 0:00,437000,3,2.75,2580,5200,2,0,0,3,2580,0,2008,0,808 Hoquiam Ave NE,Renton,WA 98059,USA
14/05/14 0:00,773000,3,2.75,2470,3600,2,0,0,3,2470,0,2007,0,1458-1462 29th Pl NE,Issaquah,WA 98029,USA
14/05/14 0:00,1222500,4,3.5,4910,9444,1.5,0,0,3,3110,1800,2007,0,4531 205th Pl NE,Sammamish,WA 98074,USA
15/05/14 0:00,256883,3,2.5,1690,5025,2,0,0,3,1690,0,2003,0,833 SW 361st St,Federal Way,WA 98023,USA
15/05/14 0:00,592500,4,2.5,2240,12032,1,0,0,3,2240,0,1983,2009,24231 NE 5th Pl,Sammamish,WA 98074,USA
15/05/14 0:00,252350,3,2,1650,7352,1,0,0,3,1160,490,1979,2014,12902 SE 158th Pl,Renton,WA 98058,USA
15/05/14 0:00,370000,4,2.5,2710,5880,2,0,0,3,2710,0,1998,2006,12713 SE 302nd St,Auburn,WA 98092,USA
15/05/14 0:00,465750,3,1.5,1260,10350,1,0,0,3,1260,0,1959,1989,16231 NE 29th St,Bellevue,WA 98008,USA
15/05/14 0:00,185000,3,1,1150,8100,1,0,0,3,1150,0,1932,0,12208 20th Ave S,Seattle,WA 98168,USA
15/05/14 0:00,582800,4,2.75,2550,7636,1,0,0,3,1440,1110,1986,0,21023-21029 NE 42nd St,Sammamish,WA 98074,USA
15/05/14 0:00,245000,3,1.75,1490,6930,1,0,0,4,1490,0,1990,0,12145 SE 260th Pl,Kent,WA 98030,USA
15/05/14 0:00,302000,4,1.75,2020,7865,1,0,0,4,1010,1010,1963,0,1001 Whitman Ct NE,Renton,WA 98059,USA
15/05/14 0:00,451555,2,1,1320,4520,1,0,1,3,1320,0,1912,1971,4137 48th Ave SW,Seattle,WA 98116,USA
15/05/14 0:00,250000,3,1,1230,10350,1,0,0,4,1230,0,1957,2001,19415 107th Ave SE,Renton,WA 98055,USA
15/05/14 0:00,255000,4,2.5,2070,7800,2,0,0,3,2070,0,1989,0,1422 S 282nd Pl,Federal Way,WA 98003,USA
15/05/14 0:00,840000,4,1.75,2930,11562,1,0,3,3,1670,1260,1947,2012,3539 NW 67th St,Seattle,WA 98117,USA
15/05/14 0:00,190000,3,1,1090,8520,1,0,0,3,1090,0,1967,2011,29611 21st Ave S,Federal Way,WA 98003,USA
15/05/14 0:00,349950,3,1,1400,7066,1,0,0,3,1400,0,1957,2000,11515 4th Ave NE,Seattle,WA 98125,USA
15/05/14 0:00,613000,4,2,1550,4815,1.5,0,0,3,1550,0,1909,2004,5212 Wallingford Ave N,Seattle,WA 98103,USA
15/05/14 0:00,300000,3,1,1220,13000,1,0,0,4,1220,0,1955,2009,18218 Evanston Ave N,Shoreline,WA 98133,USA
15/05/14 0:00,455000,3,2.5,1870,7344,1,0,0,3,1470,400,1980,0,14013 101st Pl NE,Kirkland,WA 98034,USA
15/05/14 0:00,335000,3,2.25,2150,30476,2,0,0,3,2150,0,1991,0,4446 S 160th St,Tukwila,WA 98188,USA
15/05/14 0:00,197500,3,1,980,3090,1.5,0,0,3,980,0,1903,2005,4531 S Lucile St,Seattle,WA 98118,USA
15/05/14 0:00,412500,3,1.5,1490,8475,1,0,0,4,1490,0,1963,0,5419 156th Ave NE,Redmond,WA 98052,USA
15/05/14 0:00,395300,3,1.5,1120,7000,1,0,0,3,1120,0,1955,2005,1323 145th Ave SE,Bellevue,WA 98007,USA
15/05/14 0:00,342400,3,2.25,1180,9630,2,0,0,3,1180,0,1986,0,8121 NE 147th Pl,Kenmore,WA 98028,USA
15/05/14 0:00,749400,4,2.5,3240,20301,2,0,0,3,3240,0,1985,0,17013 NE 133rd St,Redmond,WA 98052,USA
15/05/14 0:00,316500,4,2.5,2150,6807,2,0,0,4,2150,0,1991,0,11401 SE 219th Pl,Kent,WA 98031,USA
15/05/14 0:00,390000,3,2.5,2240,10800,2,0,0,3,2240,0,1996,0,15839 84th Ave NE,Kenmore,WA 98028,USA
15/05/14 0:00,225000,3,2,1400,7384,1,0,0,3,1150,250,1979,2014,3311 SE 17th St,Renton,WA 98058,USA
15/05/14 0:00,550000,3,2.25,1980,40887,1,0,0,4,1980,0,1980,0,4216 232nd Ave NE,Redmond,WA 98053,USA
15/05/14 0:00,280000,3,1,1330,20562,1.5,0,0,3,1330,0,1959,1989,13219 424th Ave SE,North Bend,WA 98045,USA
15/05/14 0:00,1255000,4,2.5,3200,7535,2,0,0,3,3200,0,2006,0,5038 48th Ave NE,Seattle,WA 98105,USA
15/05/14 0:00,575000,2,1,1490,6000,1,0,0,3,1090,400,1946,0,1106 25th Ave E,Seattle,WA 98112,USA
15/05/14 0:00,1000000,5,4.25,3920,16258,2,0,0,3,2900,1020,1990,2009,2548 111th Ave SE,Bellevue,WA 98004,USA
15/05/14 0:00,585000,5,1.75,2000,3750,2,0,0,4,2000,0,1921,0,309 N 46th St,Seattle,WA 98103,USA
15/05/14 0:00,620000,4,2.5,2680,9185,2,0,0,3,2680,0,1989,0,26118 SE 39th Ct,Issaquah,WA 98029,USA
15/05/14 0:00,204700,4,2,1670,9987,1,0,0,3,1670,0,1967,2011,29031 40th Ave S,Auburn,WA 98001,USA
15/05/14 0:00,695000,4,3,3150,9130,2,0,0,3,3150,0,2001,0,24038 SE 13th Pl,Sammamish,WA 98075,USA
15/05/14 0:00,689900,4,3.25,2740,7266,2,0,0,3,2060,680,2003,0,392 Wilderness Peak Dr NW,Issaquah,WA 98027,USA
15/05/14 0:00,375000,4,1.75,1890,8000,1,0,0,4,1250,640,1960,2001,2145 N 178th St,Shoreline,WA 98133,USA
15/05/14 0:00,475000,7,3.5,2870,29699,1,0,0,3,1520,1350,1961,2004,11738 1st Ave NE,Seattle,WA 98125,USA
15/05/14 0:00,215000,3,1,1160,10384,1,0,0,4,1160,0,1969,0,26516 235th Ave SE,Maple Valley,WA 98038,USA
15/05/14 0:00,2100000,4,1.75,3550,19865,2,0,0,3,3550,0,1962,2002,7822 NE 14th St,Medina,WA 98039,USA
15/05/14 0:00,790000,3,1.75,1790,6117,1,0,2,3,1350,440,1940,1996,1922 35th Ave W,Seattle,WA 98199,USA
15/05/14 0:00,350000,3,1.75,1680,250470,1,0,0,4,1070,610,1940,2001,18949 Mountain View Rd NE,Duvall,WA 98019,USA
15/05/14 0:00,695000,3,2.5,4560,17622,2,0,0,4,3800,760,1986,0,1315 232nd Pl NE,Sammamish,WA 98074,USA
15/05/14 0:00,263000,3,2.25,1590,7748,2,0,0,4,1590,0,1991,0,35219 26th Ct S,Federal Way,WA 98003,USA
15/05/14 0:00,400000,3,1,1630,10304,1,0,0,5,1630,0,1953,0,17228 11th Ave NE,Shoreline,WA 98155,USA
15/05/14 0:00,525000,3,2.5,2700,7434,2,0,0,3,2700,0,1991,0,12415 NE 160th St,Woodinville,WA 98072,USA
15/05/14 0:00,349950,3,2.5,1700,7496,2,0,0,3,1700,0,1994,0,18901-18937 114th Ct SE,Renton,WA 98055,USA
15/05/14 0:00,1085000,4,3.25,3740,12080,1,0,0,3,2000,1740,1988,2000,13704-13712 209th Ave NE,Woodinville,WA 98077,USA
15/05/14 0:00,744000,4,3,1980,5352,2.5,0,0,3,1980,0,1941,2005,4103 SW Kenyon St,Seattle,WA 98136,USA
15/05/14 0:00,312500,2,1,880,6345,1,0,0,3,880,0,1919,2001,7558 19th Ave SW,Seattle,WA 98106,USA
15/05/14 0:00,240000,3,2,1400,6200,1,0,0,3,700,700,1948,1994,1610 N 185th St,Shoreline,WA 98133,USA
15/05/14 0:00,495000,4,2,2050,4000,1.5,0,0,5,1210,840,1941,0,2609 21st Ave S,Seattle,WA 98144,USA
15/05/14 0:00,580050,3,2.5,2360,4638,2,0,3,3,2360,0,1996,0,601 NE 76th St,Seattle,WA 98115,USA
15/05/14 0:00,640000,4,2,2560,7798,1,0,0,4,1890,670,1947,1988,8600-8698 30th Ave NE,Seattle,WA 98115,USA
15/05/14 0:00,417000,3,1.5,1340,10224,1,0,0,4,1340,0,1956,0,3825 138th Ave SE,Bellevue,WA 98006,USA
15/05/14 0:00,174950,3,1,1060,5200,1,0,0,5,1060,0,1970,0,26635 Timberlane Dr SE,Covington,WA 98042,USA
15/05/14 0:00,295000,3,1.5,850,2500,1,0,0,3,850,0,1986,0,4020 21st Ave SW,Seattle,WA 98106,USA
15/05/14 0:00,423000,4,1.75,1880,7303,1,0,0,3,1010,870,1976,0,10320 NE 125th Pl,Kirkland,WA 98034,USA
15/05/14 0:00,839000,3,1,1230,12305,1,0,0,3,1230,0,1955,1990,10904 SE 1st St,Bellevue,WA 98004,USA
15/05/14 0:00,343000,4,1.75,2290,10290,1,0,0,3,1340,950,1960,2012,2816 SW 110th Pl,Seattle,WA 98146,USA
15/05/14 0:00,467000,3,1,1660,6582,1,0,0,5,1000,660,1946,0,12033 Dayton Ave N,Seattle,WA 98133,USA
15/05/14 0:00,512500,3,2.5,1840,2875,2,0,0,4,1840,0,1997,0,4530 48th Ave SW,Seattle,WA 98116,USA
15/05/14 0:00,575000,4,2.5,3020,17810,1,0,0,3,1600,1420,1979,2014,4527-4553 NE 201st Pl,Lake Forest Park,WA 98155,USA
15/05/14 0:00,465000,3,1.75,1410,6886,1,0,0,3,1410,0,1924,2013,12215 Dayton Ave N,Seattle,WA 98133,USA
15/05/14 0:00,270000,3,1,1010,9514,1,0,0,3,1010,0,1969,2010,17620 SE 121st Pl,Renton,WA 98059,USA
15/05/14 0:00,340000,3,1.75,1960,8136,1,0,0,3,980,980,1948,1994,2419 SW Barton St,Seattle,WA 98106,USA
15/05/14 0:00,765000,5,3.75,3580,14275,2,0,0,3,3190,390,1999,0,170 Mt Quay Dr NW,Issaquah,WA 98027,USA
15/05/14 0:00,497000,4,2.5,2240,7200,2,0,0,3,2240,0,1995,0,4417 47th Ave S,Seattle,WA 98118,USA
15/05/14 0:00,803100,4,2.5,3310,5404,2,0,0,3,3310,0,2004,2003,19107 NE 64th Way,Redmond,WA 98052,USA
15/05/14 0:00,344000,3,2.5,1232,1130,3,0,0,3,1232,0,2007,0,12331 A 10th Pl NE,Seattle,WA 98125,USA
15/05/14 0:00,828950,4,3.5,3930,5680,2,0,1,3,2820,1110,2013,1923,19601-19853 Newport Way NW,Issaquah,WA 98027,USA
15/05/14 0:00,386380,3,2.5,1720,3600,2,0,0,3,1720,0,2010,0,9881 244th Pl NE,Redmond,WA 98053,USA
15/05/14 0:00,312000,3,2.25,1490,974,2,0,0,3,1220,270,2009,0,5021 Delridge Way SW,Seattle,WA 98106,USA
15/05/14 0:00,720000,3,2.5,3150,151588,2,0,0,3,3150,0,2007,0,31215 SE 40th St,Fall City,WA 98024,USA
15/05/14 0:00,914500,4,2.5,3950,10856,3,0,0,3,3950,0,2013,1923,25707 SE 30th St,Sammamish,WA 98075,USA
15/05/14 0:00,819995,5,2.75,3030,10335,2,0,0,3,3030,0,2013,1923,8024 117th Pl SE,Newcastle,WA 98056,USA
16/05/14 0:00,252700,2,1.5,1070,9643,1,0,0,3,1070,0,1985,0,13105 SE 277th Pl,Kent,WA 98030,USA
16/05/14 0:00,437500,3,2.5,2320,36847,2,0,2,3,2320,0,1992,0,12711 470th Ave SE,North Bend,WA 98045,USA
16/05/14 0:00,350000,1,1,700,5100,1,0,0,3,700,0,1942,1999,6849 26th Ave NE,Seattle,WA 98115,USA
16/05/14 0:00,619000,3,2.5,2720,6439,2,0,0,3,2720,0,2005,0,6516 Denny Peak Dr SE,Snoqualmie,WA 98065,USA
16/05/14 0:00,408200,3,2.5,1800,5761,2,0,0,4,1800,0,1990,0,8124 24th Ave SW,Seattle,WA 98106,USA
16/05/14 0:00,451000,3,1.75,1560,4049,1.5,0,2,3,1000,560,1926,2003,4042 34th Ave SW,Seattle,WA 98126,USA
16/05/14 0:00,317000,3,2,1760,11410,1,0,0,5,1060,700,1977,0,16703 133rd Pl SE,Renton,WA 98058,USA
16/05/14 0:00,799000,4,3.25,3120,5000,2,0,0,3,2370,750,2005,0,2561 NE 85th St,Seattle,WA 98115,USA
16/05/14 0:00,720000,2,1,2020,7200,1,0,3,4,1700,320,1947,1988,10835 41st Ave SW,Seattle,WA 98146,USA
16/05/14 0:00,490000,3,2,1450,2400,1.5,0,0,3,1450,0,1900,2003,1746 NW 60th St,Seattle,WA 98107,USA
16/05/14 0:00,239900,4,2.25,1860,7000,1,0,0,3,1120,740,1979,2014,401 SW 322nd St,Federal Way,WA 98023,USA
16/05/14 0:00,446000,4,2.25,2270,7800,1,0,0,3,1290,980,1977,2004,11123 NE 141st Pl,Kirkland,WA 98034,USA
16/05/14 0:00,275000,3,2.5,1480,15639,2,0,0,3,1480,0,1987,2000,44402 SE 142nd Pl,North Bend,WA 98045,USA
16/05/14 0:00,239950,5,1,1460,6032,2,0,0,4,1460,0,1941,1998,13012 41st Ave S,Tukwila,WA 98168,USA
16/05/14 0:00,248000,4,3.5,1850,6519,2,0,0,3,1130,720,1986,0,1501-1515 SW 327th St,Federal Way,WA 98023,USA
16/05/14 0:00,619500,3,2.5,2170,5000,2,0,0,3,2170,0,2003,0,1778 26th Ave NE,Issaquah,WA 98029,USA
16/05/14 0:00,363750,3,1.75,1726,197326,2,0,0,4,1726,0,1982,2011,28507 Vashon Hwy SW,Vashon,WA 98070,USA
16/05/14 0:00,385000,3,1.75,1180,10541,1,0,0,4,940,240,1981,0,23013 NE 28th St,Sammamish,WA 98074,USA
16/05/14 0:00,370000,4,1.5,1370,9957,1,0,0,3,900,470,1972,2002,12054 NE 137th Ct,Kirkland,WA 98034,USA
16/05/14 0:00,425000,3,2.5,2670,13218,1,0,0,4,2670,0,1988,0,26010 141st Ave SE,Kent,WA 98042,USA
16/05/14 0:00,342000,3,1,1260,6826,1,0,0,3,720,540,1944,0,14040 24th Ave NE,Seattle,WA 98125,USA
16/05/14 0:00,345000,4,1,1980,7991,1.5,0,0,3,1980,0,1962,2003,12652 SE 160th St,Renton,WA 98058,USA
16/05/14 0:00,724800,3,2,2050,3933,1,0,0,3,1180,870,1926,2001,2610 E Montlake Pl E,Seattle,WA 98112,USA
16/05/14 0:00,725000,5,2.75,2830,5310,2,0,0,3,2830,0,2006,0,11931 179th Pl NE,Redmond,WA 98052,USA
16/05/14 0:00,605000,2,1,910,3600,1,0,0,4,910,0,1909,1989,1617-1621 3rd Ave W,Seattle,WA 98119,USA
16/05/14 0:00,350000,4,2.5,2440,4000,2,0,0,3,2440,0,2009,0,24246 229th Ave SE,Maple Valley,WA 98038,USA
16/05/14 0:00,785000,3,2,2180,5440,1,0,0,5,1100,1080,1904,0,4111 Woodland Park Ave N,Seattle,WA 98103,USA
16/05/14 0:00,250000,3,2,1900,6660,1,0,0,5,950,950,1966,0,27022 216th Ave SE,Maple Valley,WA 98038,USA
16/05/14 0:00,565000,3,2.25,1520,1221,3,0,0,3,1520,0,2013,1923,1512 NW 62nd St,Seattle,WA 98107,USA
16/05/14 0:00,875000,3,2,2220,6641,1,0,2,4,1220,1000,1947,1988,2559 24th Ave W,Seattle,WA 98199,USA
16/05/14 0:00,862500,4,2.75,3280,24440,2,0,0,3,3280,0,1996,0,12040 201st Pl NE,Woodinville,WA 98077,USA
16/05/14 0:00,400000,3,2.5,2740,83199,2,0,4,3,2740,0,1973,2013,27200-27218 52nd Ave S,Kent,WA 98032,USA
16/05/14 0:00,282613,2,1,830,6017,1,0,0,4,830,0,1954,1979,16221 Bagley Pl N,Shoreline,WA 98133,USA
16/05/14 0:00,174500,2,1,1010,5200,1,0,0,3,1010,0,1955,2005,20721 9th Ave S,Des Moines,WA 98198,USA
16/05/14 0:00,306500,3,2.25,2060,38377,1,0,0,4,1560,500,1978,2000,36415 12th Pl S,Federal Way,WA 98003,USA
16/05/14 0:00,445000,3,2.25,1990,7340,2,0,0,3,1990,0,1984,0,17849 149th Ave NE,Woodinville,WA 98072,USA
16/05/14 0:00,433000,4,2.5,2280,7568,2,0,0,4,2280,0,2001,0,2207 Kennewick Pl NE,Renton,WA 98056,USA
16/05/14 0:00,306000,3,2.5,1870,5874,2,0,0,3,1870,0,2005,0,22610 133rd Pl SE,Kent,WA 98042,USA
16/05/14 0:00,620000,3,2.25,1720,4000,1.5,0,0,4,1450,270,1921,0,5255 39th Ave NE,Seattle,WA 98105,USA
16/05/14 0:00,245000,2,1,870,6150,1,0,0,3,870,0,1941,1994,8627 9th Ave SW,Seattle,WA 98106,USA
16/05/14 0:00,238000,3,2,1020,1204,2,0,0,3,720,300,2004,2003,3419 SW Morgan St,Seattle,WA 98126,USA
16/05/14 0:00,523000,3,1.5,1260,3135,1.5,0,0,3,1260,0,1931,0,3200 44th Ave SW,Seattle,WA 98116,USA
16/05/14 0:00,522500,3,2.5,2370,7875,2,0,0,3,2370,0,2003,0,6504 E Crest View Loop SE,Snoqualmie,WA 98065,USA
16/05/14 0:00,180000,3,1,1000,18513,1,0,0,3,1000,0,1940,1996,1001 SW 102nd St,Seattle,WA 98146,USA
16/05/14 0:00,375000,3,1.5,1100,1751,2,0,0,3,940,160,2007,0,2001 S Norman St,Seattle,WA 98144,USA
16/05/14 0:00,249000,3,2.25,1440,7673,1,0,0,3,940,500,1982,0,22119 123rd Ave SE,Kent,WA 98031,USA
16/05/14 0:00,730100,4,2.5,3120,14300,2,0,0,3,3120,0,2003,0,120 Mt Si Pl NW,Issaquah,WA 98027,USA
16/05/14 0:00,551000,2,2,2260,9604,1,0,0,3,2260,0,1990,2009,9930 NE 197th St,Bothell,WA 98011,USA
16/05/14 0:00,375000,4,2.5,2790,7956,2,0,0,3,2790,0,2005,0,26004 18th Ave S,Des Moines,WA 98198,USA
16/05/14 0:00,540000,1,1,1140,6700,1.5,0,0,3,1140,0,1920,1979,9055 Palatine Ave N,Seattle,WA 98103,USA
16/05/14 0:00,605000,3,2.25,1290,2500,2,0,0,4,1290,0,1987,0,411 27th Ave E,Seattle,WA 98112,USA
16/05/14 0:00,205000,5,1.75,1730,5200,1,0,0,4,1050,680,1978,2000,26607 190th Ave SE,Covington,WA 98042,USA
16/05/14 0:00,645000,4,2.5,3160,11380,2,0,0,3,3160,0,1983,2009,2504 225th Pl NE,Sammamish,WA 98074,USA
16/05/14 0:00,314000,4,2.5,2340,8990,2,0,0,3,2340,0,2003,0,24925 234th Pl SE,Maple Valley,WA 98038,USA
16/05/14 0:00,330000,3,1.5,1170,4950,1,0,0,4,1170,0,1960,2001,15421 SE 4th Pl,Bellevue,WA 98007,USA
16/05/14 0:00,490000,2,1,1160,5000,1,0,0,4,1160,0,1937,0,7752 33rd Ave NW,Seattle,WA 98117,USA
16/05/14 0:00,445000,3,3,1970,24318,1,0,0,3,1970,0,2010,0,18819 71st Ave NE,Kenmore,WA 98028,USA
16/05/14 0:00,2000000,5,4.25,6490,10862,2,0,3,4,3940,2550,1991,0,4080 E Mercer Way,Mercer Island,WA 98040,USA
16/05/14 0:00,377500,3,2.25,1410,1377,2,0,0,3,1290,120,2005,0,2012 NW Boulder Way Dr,Issaquah,WA 98027,USA
16/05/14 0:00,480000,4,2.5,2430,5000,2,0,0,3,2430,0,2009,0,35019 SE Terrace St,Snoqualmie,WA 98065,USA
16/05/14 0:00,804995,5,1.5,3360,5402,2,0,0,3,3360,0,2014,0,21481 SE 2nd Pl,Sammamish,WA 98074,USA
16/05/14 0:00,341000,3,2.5,1480,1663,2,0,0,3,1180,300,2012,1912,6510 34th Ave SW,Seattle,WA 98126,USA
16/05/14 0:00,675000,5,2.5,3200,6455,2,0,0,3,3200,0,2009,0,6227-6299 Whitaker Ln SE,Snoqualmie,WA 98065,USA
16/05/14 0:00,611000,3,2.5,2134,1984,2.5,0,0,3,2134,0,2008,0,373 NE Eagle Way,Issaquah,WA 98029,USA
16/05/14 0:00,379950,3,3.25,1860,1787,3,0,0,3,1860,0,2007,0,17510 12th Ave NE,Shoreline,WA 98155,USA
16/05/14 0:00,1270000,4,3,5520,8313,2,0,3,3,3570,1950,2008,0,4468 158th Ave SE,Bellevue,WA 98006,USA
16/05/14 0:00,500000,2,2.5,1310,1500,2,0,0,3,1160,150,2006,0,921-927 18th Ave,Seattle,WA 98122,USA
17/05/14 0:00,410000,3,2,1700,4250,1,0,0,3,890,810,1944,0,2204 W Emerson St,Seattle,WA 98199,USA
18/05/14 0:00,415000,3,2.5,2480,8342,2,0,0,3,2480,0,1986,0,18303 155th Pl SE,Renton,WA 98058,USA
18/05/14 0:00,297000,5,2.5,1970,8605,2,0,0,4,1970,0,1994,0,419 Wetherbee Ln,Enumclaw,WA 98022,USA
18/05/14 0:00,575550,4,2.5,2060,7475,1,0,0,3,1440,620,1985,0,14117 175th Ave NE,Redmond,WA 98052,USA
18/05/14 0:00,534640,3,2.5,2130,3500,1,0,0,4,1210,920,1994,0,13440 NE 148th St,Woodinville,WA 98072,USA
18/05/14 0:00,352500,3,2.25,1410,14110,1,0,2,3,1170,240,1987,2000,7426 N Fork Rd SE,Snoqualmie,WA 98065,USA
18/05/14 0:00,488000,2,2,1360,4688,1,0,0,3,780,580,1944,0,8023 12th Ave NE,Seattle,WA 98115,USA
18/05/14 0:00,732000,3,2,1940,55756,1,0,0,5,1940,0,1954,0,2049 144th Ave SE,Bellevue,WA 98007,USA
19/05/14 0:00,215000,2,2.25,1610,2040,2,0,0,4,1610,0,1979,0,2906 Kennewick Pl NE,Renton,WA 98056,USA
19/05/14 0:00,592500,2,2,1420,9191,1.5,0,2,5,1420,0,1928,1970,800 NE 95th St,Seattle,WA 98115,USA
19/05/14 0:00,290000,4,2.5,1700,7280,2,0,0,4,1700,0,1988,0,22020 127th Ct SE,Kent,WA 98031,USA
19/05/14 0:00,475000,2,1,1490,3825,1,0,0,3,860,630,1929,0,7008 19th Ave NW,Seattle,WA 98117,USA
19/05/14 0:00,320000,3,2.5,2680,7757,2,0,0,3,2680,0,1990,2009,833 SW 346th St,Federal Way,WA 98023,USA
19/05/14 0:00,1216000,4,2.5,3190,8684,1,0,3,5,1680,1510,1967,0,4625 Somerset Dr SE,Bellevue,WA 98006,USA
19/05/14 0:00,290000,5,1.5,2120,7700,1.5,0,0,5,2120,0,1962,0,12611 SE 160th St,Renton,WA 98058,USA
19/05/14 0:00,487250,4,2,1690,3250,1.5,0,0,3,1550,140,1901,0,4800-4898 Whitman Ave N,Seattle,WA 98103,USA
19/05/14 0:00,339000,4,2.5,1830,8601,2,0,0,3,1830,0,2003,0,27305 245th Ave SE,Maple Valley,WA 98038,USA
19/05/14 0:00,440000,2,1.5,1010,1968,1.5,0,0,5,1010,0,1906,0,6411 22nd Ave NW,Seattle,WA 98107,USA
19/05/14 0:00,366500,4,2.75,2070,9300,1,0,0,5,1120,950,1945,0,15511 9th Ave NE,Shoreline,WA 98155,USA
19/05/14 0:00,462000,3,1.5,1710,4500,1.5,0,0,3,1410,300,1928,1954,5151 S Othello St,Seattle,WA 98118,USA
19/05/14 0:00,560000,4,1,1660,4690,1.5,0,0,3,1260,400,1945,2010,7353 16th Ave NW,Seattle,WA 98117,USA
19/05/14 0:00,285000,4,1.75,2080,13629,1,0,0,4,1040,1040,1955,2009,8024 S 130th St,Seattle,WA 98178,USA
19/05/14 0:00,280000,3,2.5,1270,9675,2,0,0,3,1270,0,1993,0,44633 SE 151st St,North Bend,WA 98045,USA
19/05/14 0:00,210000,3,1,1080,21043,1,0,0,3,1080,0,1942,1999,5612 18th Ave SW,Seattle,WA 98106,USA
19/05/14 0:00,690000,3,2,1610,5100,1.5,0,0,5,1610,0,1940,0,7341 20th Ave NE,Seattle,WA 98115,USA
19/05/14 0:00,256500,2,1,1120,9912,1,0,0,4,1120,0,1980,0,7615 SW 257th St,Vashon,WA 98070,USA
19/05/14 0:00,411000,4,2.75,2500,5257,2,0,0,3,2500,0,1966,1963,8309 36th Ave S,Seattle,WA 98118,USA
19/05/14 0:00,215000,3,1,970,7275,1,0,0,4,970,0,1970,0,11428 SE 225th St,Kent,WA 98031,USA
19/05/14 0:00,762000,5,2,3370,5000,1.5,0,0,4,2140,1230,1907,0,365 Crockett St,Seattle,WA 98109,USA
19/05/14 0:00,359950,3,1,1290,189486,1,0,0,4,1290,0,1960,2001,29701-29727 138th Ave SE,Auburn,WA 98092,USA
19/05/14 0:00,480000,4,3.5,3370,435600,2,0,3,3,3370,0,2005,0,44250 SE Edgewick Rd,North Bend,WA 98045,USA
19/05/14 0:00,1405000,4,3.5,3410,10769,2,0,0,3,3410,0,2008,0,10635 SE 2nd St,Bellevue,WA 98004,USA
19/05/14 0:00,390000,4,2.5,2490,8290,2,0,0,3,2490,0,1999,0,30271 129th Ave SE,Auburn,WA 98092,USA
19/05/14 0:00,413500,2,1,770,4000,1,0,0,5,770,0,1924,1956,615 NW 92nd St,Seattle,WA 98117,USA
19/05/14 0:00,285000,1,1.5,810,3211,2,0,0,4,810,0,1982,2011,11807 NE 105th Ct,Kirkland,WA 98033,USA
19/05/14 0:00,475000,4,2.5,3060,10043,1,0,0,4,1700,1360,1968,0,15024 Wallingford Ave N,Shoreline,WA 98133,USA
19/05/14 0:00,386591,3,2.5,1690,1613,2,0,0,3,1150,540,2014,0,2500 Mulberry Walk NE,Issaquah,WA 98029,USA
19/05/14 0:00,524950,3,1.75,1890,3825,1,0,0,3,1290,600,1974,0,7360 19th Ave NW,Seattle,WA 98117,USA
19/05/14 0:00,241000,2,2,1470,3128,2,0,0,3,1470,0,2005,0,24023 SE 282nd St,Maple Valley,WA 98038,USA
19/05/14 0:00,461000,2,1,1060,7193,1,0,0,3,1060,0,1926,2003,11053 Greenwood Ave N,Seattle,WA 98133,USA
19/05/14 0:00,810000,4,2.5,3480,59242,2,0,0,3,3480,0,1988,2000,17822 NE 154th St,Woodinville,WA 98072,USA
19/05/14 0:00,885000,4,2.75,2730,3560,1.5,0,0,3,1550,1180,1921,2007,6211 Ravenna Ave NE,Seattle,WA 98115,USA
19/05/14 0:00,247000,3,2.25,1580,7941,2,0,0,4,1580,0,1986,0,1714 SW 354th Pl,Federal Way,WA 98023,USA
19/05/14 0:00,296500,3,2.75,2170,7900,1,0,0,4,1380,790,1978,2000,26715 Stanford Ct,Kent,WA 98032,USA
19/05/14 0:00,141800,2,1,930,4743,1,0,0,4,930,0,1942,1982,821 Dayton Ave NE,Renton,WA 98056,USA
19/05/14 0:00,333000,4,2,1580,7800,2,0,0,2,1580,0,1906,0,2023 24th Ave S,Seattle,WA 98144,USA
19/05/14 0:00,602000,5,1.75,3290,11900,1.5,0,0,3,3290,0,1973,2013,6305 150th Ave NE,Redmond,WA 98052,USA
19/05/14 0:00,565000,4,2.25,2110,10698,2,0,0,4,2110,0,1979,0,4621 193rd Pl SE,Issaquah,WA 98027,USA
19/05/14 0:00,373000,3,2.5,1670,3565,2,0,0,3,1670,0,1999,0,18581 134th Pl NE,Woodinville,WA 98072,USA
19/05/14 0:00,588000,3,2.25,2030,7350,1,0,0,4,1190,840,1977,0,10510 160th Ave NE,Redmond,WA 98052,USA
19/05/14 0:00,485000,3,1,1500,4100,1.5,0,0,3,1370,130,1926,2003,816 NW Market St,Seattle,WA 98107,USA
19/05/14 0:00,482500,3,2.25,1450,1445,2,0,0,3,980,470,2005,0,1820 24th Ave,Seattle,WA 98122,USA
19/05/14 0:00,251200,4,1.5,1310,8250,1,0,0,3,1060,250,1953,0,240 S 198th St,Des Moines,WA 98148,USA
19/05/14 0:00,869000,5,3.25,4180,49222,2,0,0,4,2880,1300,1979,0,18524 SE 60th St,Issaquah,WA 98027,USA
19/05/14 0:00,464000,3,1.75,1630,28600,1,0,0,3,1630,0,1967,2011,14926 NE 202nd St,Woodinville,WA 98072,USA
19/05/14 0:00,755000,4,2.5,2660,10452,2,0,0,3,2660,0,1993,0,10805 177th Ct NE,Redmond,WA 98052,USA
19/05/14 0:00,280000,3,2.5,1720,1916,2,0,0,3,1720,0,2005,0,454 A St,Renton,WA 98056,USA
19/05/14 0:00,485000,2,2.25,1260,1240,3,0,0,3,1260,0,2004,2003,3646 Dayton Ave N,Seattle,WA 98103,USA
19/05/14 0:00,305000,3,1.75,1610,12247,1,0,0,3,1610,0,1981,2013,16215 SE 172nd Ct,Renton,WA 98058,USA
19/05/14 0:00,110700,2,1,680,8064,1,0,0,3,680,0,1941,1994,14917-14999 27th Pl S,SeaTac,WA 98188,USA
19/05/14 0:00,850000,4,3.5,2640,5900,2,0,2,3,2640,0,1937,1998,6728 40th Ave SW,Seattle,WA 98136,USA
19/05/14 0:00,350000,3,2.25,1640,7200,2,0,0,4,1640,0,1985,0,1755 140th Ct SE,Bellevue,WA 98007,USA
19/05/14 0:00,319950,4,1.75,2310,8045,1,0,0,4,1650,660,1976,1992,16336 131st Ave SE,Renton,WA 98058,USA
19/05/14 0:00,700000,3,1.75,2010,4905,1,0,0,5,1230,780,1912,0,901 18th Ave,Seattle,WA 98122,USA
19/05/14 0:00,368000,2,1.5,1660,4680,1,0,0,5,830,830,1908,0,10010 44th Ave SW,Seattle,WA 98146,USA
19/05/14 0:00,433500,3,2.5,2200,3360,2,0,0,3,2200,0,2009,0,6729 37th Ave S,Seattle,WA 98118,USA
19/05/14 0:00,611000,4,2.5,2460,4200,2,0,0,3,2460,0,1998,2006,23911 SE 6th St,Redmond,WA 98074,USA
19/05/14 0:00,1000000,2,1.75,2430,23400,1,0,4,3,2430,0,1951,1994,18200-18298 13th Ave NW,Shoreline,WA 98177,USA
19/05/14 0:00,307000,3,1,1370,7500,1,0,0,3,1370,0,1960,2012,4751 Stephens Ave,Carnation,WA 98014,USA
19/05/14 0:00,442500,3,1.75,1800,10200,1,0,0,3,1800,0,1967,2011,17110-17116 146th Ave SE,Renton,WA 98058,USA
19/05/14 0:00,485000,3,1.75,2200,7706,2,0,2,3,2200,0,1908,1988,23902 6th Ave S,Des Moines,WA 98198,USA
19/05/14 0:00,367000,2,1,700,2334,1,0,0,3,700,0,1945,2010,2632 NW North Beach Dr,Seattle,WA 98117,USA
19/05/14 0:00,429000,3,2.5,1920,15124,2,0,0,3,1920,0,1995,0,714 NE 10th St,North Bend,WA 98045,USA
19/05/14 0:00,446000,5,2.75,2190,12687,1,0,0,5,1370,820,1978,0,20402 63rd Ave NE,Kenmore,WA 98028,USA
19/05/14 0:00,572500,3,2.25,2030,9791,1,0,0,4,1500,530,1984,0,13322 SE 77th Ct,Newcastle,WA 98059,USA
19/05/14 0:00,477000,3,2.5,1350,2053,3,0,0,3,1350,0,2005,0,2313 NW 65th St,Seattle,WA 98117,USA
19/05/14 0:00,518000,3,2.5,1680,2096,2,0,0,3,1380,300,2008,0,8354 11th Ave NW,Seattle,WA 98117,USA
19/05/14 0:00,462000,5,1.75,1250,10530,1,0,0,4,1250,0,1966,0,4 151st Pl NE,Bellevue,WA 98007,USA
19/05/14 0:00,1190000,4,3,2240,6000,1.5,0,0,4,1270,970,1914,1945,2009 4th Ave N,Seattle,WA 98109,USA
19/05/14 0:00,137000,3,1,950,7620,1,0,0,3,950,0,1954,2005,9445 8th Ave SW,Seattle,WA 98106,USA
19/05/14 0:00,530000,3,3.5,2320,3174,2,0,0,3,2060,260,1997,0,12418 NE 100th St,Kirkland,WA 98033,USA
19/05/14 0:00,818000,2,2.5,2380,9374,1,0,2,3,2380,0,2011,0,12449 240th Pl NE,Redmond,WA 98053,USA
19/05/14 0:00,640000,2,2.25,1540,958,3,0,0,3,1540,0,2007,0,1806 11th Ave,Seattle,WA 98122,USA
19/05/14 0:00,298450,5,3,2100,9752,1,0,0,3,1200,900,2007,0,29801-29829 23rd Avenue South,Federal Way,WA 98003,USA
19/05/14 0:00,575000,4,2.5,2500,4945,2,0,0,3,2500,0,2013,1923,34115 SE Ash St,Snoqualmie,WA 98065,USA
20/05/14 0:00,730000,4,2.5,3230,7331,2,0,0,3,3230,0,2004,2003,2913 278th Ave SE,Sammamish,WA 98075,USA
20/05/14 0:00,551000,3,2.5,2830,5802,2,0,0,3,2830,0,2001,0,7928 NE 182nd Pl,Kenmore,WA 98028,USA
20/05/14 0:00,271310,2,1,870,5340,1.5,0,0,2,870,0,1906,0,2019 24th Ave S,Seattle,WA 98144,USA
20/05/14 0:00,675000,4,3,2690,28300,1,0,0,3,2690,0,1954,1999,17428 7th Pl SW,Normandy Park,WA 98166,USA
20/05/14 0:00,479000,3,2.5,1260,889,3,0,0,3,1260,0,2008,0,915 6th Ave N,Seattle,WA 98109,USA
20/05/14 0:00,520000,4,3.5,2680,10000,2,0,0,3,2040,640,1942,2014,13342 30th Ave NE,Seattle,WA 98125,USA
20/05/14 0:00,599950,3,2.5,2660,4975,2,0,0,3,2660,0,2014,0,4810 S Raymond St,Seattle,WA 98118,USA
20/05/14 0:00,483945,2,1.75,1480,5120,1,0,0,4,840,640,1951,1999,4844 47th Ave SW,Seattle,WA 98116,USA
20/05/14 0:00,390000,4,2.25,1770,33132,1,0,0,4,1190,580,1965,0,14223 SE 179th Pl,Renton,WA 98058,USA
20/05/14 0:00,192500,2,1,950,7692,1,0,0,3,950,0,1926,2003,12516 Military Rd S,Seattle,WA 98168,USA
20/05/14 0:00,330000,2,1,860,8308,1,0,0,4,860,0,1948,0,3522 SW 107th St,Seattle,WA 98146,USA
20/05/14 0:00,250000,4,2,1960,7560,1,0,0,5,1160,800,1978,0,12206 SE 217th St,Kent,WA 98031,USA
20/05/14 0:00,243000,2,1,1770,5522,1.5,0,0,4,960,810,1943,0,8040 S 118th St,Seattle,WA 98178,USA
20/05/14 0:00,575000,4,1.75,1280,6060,1,0,0,3,860,420,1926,2003,7032 7th Ave NW,Seattle,WA 98117,USA
20/05/14 0:00,639000,4,2.5,2150,12028,2,0,0,4,2150,0,1982,2011,13615 179th Ave NE,Redmond,WA 98052,USA
20/05/14 0:00,710000,2,1,1790,4000,1,0,0,4,1040,750,1923,0,2422 E McGraw St,Seattle,WA 98112,USA
20/05/14 0:00,675000,3,2.25,1990,10260,2,0,0,4,1990,0,1987,0,16822 NE 87th St,Redmond,WA 98052,USA
20/05/14 0:00,405000,5,2.5,2430,4781,2,0,0,3,2430,0,2001,0,16819 SE 171st Pl,Renton,WA 98058,USA
20/05/14 0:00,615000,4,2.75,2820,13193,1,0,0,3,1860,960,1965,1993,4941-4949 125th Ave SE,Bellevue,WA 98006,USA
20/05/14 0:00,490000,3,1,1910,8190,1,0,0,4,1010,900,1946,1989,9237 7th Ave NW,Seattle,WA 98117,USA
20/05/14 0:00,467000,3,2.25,1270,1213,2,0,0,3,1040,230,2005,0,1427 NW 62nd St,Seattle,WA 98107,USA
20/05/14 0:00,480000,4,2.75,2050,3960,1,0,0,4,1180,870,1986,0,2612 49th Ave SW,Seattle,WA 98116,USA
20/05/14 0:00,755000,6,2,2150,4505,1,0,0,3,1270,880,1952,2008,3429 9th Ave W,Seattle,WA 98119,USA
20/05/14 0:00,760000,4,1.75,2450,13300,1,0,2,4,1630,820,1987,0,5028 157th Ave SE,Bellevue,WA 98006,USA
20/05/14 0:00,387000,2,2.25,1230,1280,2,0,0,3,960,270,2012,1912,801-921 Martin Luther King Jr Way S,Seattle,WA 98144,USA
20/05/14 0:00,925000,4,2.25,2260,41984,1,0,0,4,2260,0,1967,0,6046 126th Ave NE,Kirkland,WA 98033,USA
20/05/14 0:00,415000,2,1,1050,60113,1,0,0,4,1050,0,1943,0,3720 S 312th Ln,Auburn,WA 98001,USA
20/05/14 0:00,263000,3,1.75,1570,7775,2,0,0,3,1570,0,1982,0,9226 S 239th Pl,Kent,WA 98031,USA
20/05/14 0:00,519900,4,2,1820,9350,1,0,0,4,1820,0,1967,0,2019 182nd Ave NE,Redmond,WA 98052,USA
20/05/14 0:00,570000,2,1.75,1540,4025,1,0,0,4,1190,350,1908,0,1715 46th Ave SW,Seattle,WA 98116,USA
20/05/14 0:00,450000,3,1.5,2060,44866,1,0,0,3,2060,0,1953,0,21533 NE Woodinville Duvall Rd,Woodinville,WA 98077,USA
20/05/14 0:00,1300000,4,3.5,4380,74052,1,0,0,3,4380,0,2001,0,5830 246th Pl NE,Redmond,WA 98053,USA
20/05/14 0:00,300000,3,1,1090,9900,1,0,0,4,1090,0,1955,2009,13424 NE 80th St,Redmond,WA 98052,USA
20/05/14 0:00,320000,3,1.75,1480,7225,1,0,0,4,1480,0,1965,0,2525 NE 24th St,Renton,WA 98056,USA
20/05/14 0:00,387500,4,1,1320,4440,1.5,0,0,3,1320,0,1929,0,1505 29th Ave,Seattle,WA 98122,USA
20/05/14 0:00,458000,1,2.25,2140,10350,1,0,0,3,1470,670,1976,0,14634 128th Ave NE,Woodinville,WA 98072,USA
20/05/14 0:00,1212500,4,3.5,4560,16643,1,0,3,3,2230,2330,1995,0,16864 SE 57th Pl,Bellevue,WA 98006,USA
20/05/14 0:00,380000,4,3,2800,9764,2,0,0,3,2800,0,2002,0,24729 SE 276th Pl,Maple Valley,WA 98038,USA
20/05/14 0:00,200000,3,1,1050,5000,1,0,0,4,1050,0,1967,0,602 Tacoma Ave NE,Renton,WA 98056,USA
20/05/14 0:00,385000,3,1.5,1490,9630,1,0,0,4,1490,0,1959,0,6428 NE 184th St,Kenmore,WA 98028,USA
20/05/14 0:00,396675,2,1,1730,6375,2,0,0,4,1730,0,1945,0,7358 28th Ave SW,Seattle,WA 98126,USA
20/05/14 0:00,452000,4,1,1210,3760,1.5,0,0,3,1210,0,1900,2005,1106 N 80th St,Seattle,WA 98103,USA
20/05/14 0:00,426000,4,2.5,2800,8494,2,0,0,3,2800,0,2004,2003,24957 SE 279th St,Maple Valley,WA 98038,USA
20/05/14 0:00,792000,3,1.5,1570,1050,2,0,0,3,1570,0,1915,0,1833 1st Ave N,Seattle,WA 98109,USA
20/05/14 0:00,315000,3,2.25,1400,31626,1,0,0,2,1140,260,1987,0,20515 SE 333rd Pl,Auburn,WA 98092,USA
20/05/14 0:00,1275000,4,2,2850,7861,1,0,4,4,1450,1400,1970,0,3014 NW Esplanade,Seattle,WA 98117,USA
20/05/14 0:00,326000,6,3,1880,7200,1,0,0,4,1880,0,1966,0,1178 Camas Ave NE,Renton,WA 98056,USA
20/05/14 0:00,268500,2,1,790,8424,1,0,0,4,790,0,1953,1983,556 N 167th St,Shoreline,WA 98133,USA
20/05/14 0:00,440000,2,1.75,1300,4000,2,0,0,3,1300,0,1948,1994,5501 37th Ave NE,Seattle,WA 98105,USA
20/05/14 0:00,300000,3,1,2120,7735,1,0,0,4,1060,1060,1967,0,12840 163rd Ave SE,Renton,WA 98059,USA
20/05/14 0:00,525000,3,1.5,1540,4773,2,0,0,3,1540,0,1941,2009,4017 36th Ave SW,Seattle,WA 98126,USA
20/05/14 0:00,978000,4,2.75,2620,13777,1.5,0,2,4,1720,900,1926,1993,2602 Shoreland Dr S,Seattle,WA 98144,USA
20/05/14 0:00,1125000,6,3,2880,3192,2,0,0,4,2180,700,1919,1985,2212 N 36th St,Seattle,WA 98103,USA
20/05/14 0:00,700000,4,1,1680,4021,1.5,0,0,3,1680,0,1921,2000,2139 N 52nd St,Seattle,WA 98103,USA
20/05/14 0:00,315000,2,1,790,6969,1,0,0,3,790,0,1955,1984,10830 132nd Ave NE,Redmond,WA 98052,USA
20/05/14 0:00,309000,3,1,1092,7500,1.5,0,0,3,1092,0,1918,0,7757 15th Ave SW,Seattle,WA 98106,USA
20/05/14 0:00,219950,3,1.5,1650,9936,1,0,0,3,1090,560,1967,2011,425 S 305th St,Federal Way,WA 98003,USA
20/05/14 0:00,289000,3,2.5,2090,4700,2,0,0,3,2090,0,2002,0,17814 SE 257th St,Covington,WA 98042,USA
20/05/14 0:00,210000,4,1.75,2180,28710,1,0,0,3,1180,1000,1950,2005,21922 34th Ave S,SeaTac,WA 98198,USA
20/05/14 0:00,260000,4,2.5,1990,6671,2,0,0,3,1990,0,1989,0,32819 17th Ave SW,Federal Way,WA 98023,USA
20/05/14 0:00,699000,4,2.5,2650,7945,2,0,0,3,2650,0,2006,0,11332 30th Ave NE,Seattle,WA 98125,USA
20/05/14 0:00,1800000,4,3.5,4460,16953,1,0,0,3,2550,1910,1962,1994,2625 82nd Ave NE,Medina,WA 98039,USA
20/05/14 0:00,299950,3,1,910,8000,1,0,0,4,740,170,1950,1983,20013 15th Ave NW,Shoreline,WA 98177,USA
20/05/14 0:00,749950,3,2.5,2770,10773,2,0,2,3,2770,0,1992,0,16420 SE 39th Pl,Bellevue,WA 98008,USA
20/05/14 0:00,1100000,3,2,2390,6888,2,0,1,5,2390,0,1939,0,7529 Lakemont Dr NE,Seattle,WA 98115,USA
20/05/14 0:00,555000,3,2.5,3050,158558,1,0,0,4,3050,0,1987,0,701 S 52nd St,Renton,WA 98055,USA
20/05/14 0:00,384000,3,2.5,1700,4000,2,0,0,3,1700,0,2003,0,35131 SE Ridge St,Snoqualmie,WA 98065,USA
20/05/14 0:00,499950,5,3.5,3200,43560,2,0,0,3,3200,0,1989,0,18460 SE 143rd St,Renton,WA 98059,USA
20/05/14 0:00,430000,3,1.75,1200,4500,1,0,0,5,1200,0,1906,0,5206 13th Ave S,Seattle,WA 98108,USA
20/05/14 0:00,350000,4,2.25,2220,6953,2,0,0,4,2220,0,1999,0,22507 SE 279th St,Maple Valley,WA 98038,USA
20/05/14 0:00,620000,3,2.5,2480,9041,2,0,0,3,2480,0,2004,2003,8719 228th Way NE,Redmond,WA 98053,USA
20/05/14 0:00,765000,4,2.25,2560,12100,1,0,0,4,1760,800,1976,1992,17323 NE 24th St,Redmond,WA 98052,USA
20/05/14 0:00,250000,4,1.5,2500,6300,1,0,0,4,1500,1000,1961,2001,24911-24917 38th Ave S,Kent,WA 98032,USA
20/05/14 0:00,376000,2,1,1150,4000,1,0,0,3,1150,0,1947,2012,2825 W Elmore St,Seattle,WA 98199,USA
20/05/14 0:00,475000,4,1.75,1650,7775,1,0,0,4,1150,500,1950,1983,11726 Phinney Ave N,Seattle,WA 98133,USA
20/05/14 0:00,120750,3,1.75,1140,9628,1,0,0,4,1140,0,1969,0,34403 30th Ave SW,Federal Way,WA 98023,USA
20/05/14 0:00,1690000,3,1.75,3400,8965,1,0,2,5,1820,1580,1957,0,3872 50th Ave NE,Seattle,WA 98105,USA
20/05/14 0:00,330000,3,1,1180,43124,1,0,0,4,1180,0,1959,0,8442-8514 WA-900,Issaquah,WA 98027,USA
20/05/14 0:00,619500,3,2.5,1700,4105,2,0,0,3,1700,0,1992,0,3113 E Cherry St,Seattle,WA 98122,USA
20/05/14 0:00,345000,3,1.5,1240,11200,1,0,0,4,1240,0,1954,1979,15154 SE Newport Way,Bellevue,WA 98006,USA
20/05/14 0:00,598000,5,2.25,2890,12478,2,0,0,3,2890,0,1977,2004,2116 Sahalee Dr E,Sammamish,WA 98074,USA
20/05/14 0:00,335000,3,1,1060,10050,1,0,0,4,1060,0,1967,0,8136 NE 147th Pl,Kenmore,WA 98028,USA
20/05/14 0:00,372500,4,1.75,1590,10523,2,0,0,4,1590,0,1922,0,14556 Stone Ave N,Shoreline,WA 98133,USA
20/05/14 0:00,300000,6,5.25,2860,5682,2,0,0,3,2860,0,1978,0,606 5th St SE,Auburn,WA 98002,USA
20/05/14 0:00,194000,1,1,820,1060,1,0,0,3,760,60,2007,0,6017-6199 31st Ave SW,Seattle,WA 98126,USA
20/05/14 0:00,507500,3,2,2020,8118,1,0,0,3,1020,1000,1963,2008,16630 SE 26th St,Bellevue,WA 98008,USA
20/05/14 0:00,325000,4,2.25,1870,9680,1,0,0,4,1170,700,1959,0,12813 81st Ave NE,Kirkland,WA 98034,USA
20/05/14 0:00,329900,3,2.5,2170,4905,2,0,0,3,2170,0,2004,2003,22639 SE 280th Pl,Maple Valley,WA 98038,USA
20/05/14 0:00,329000,4,2.5,1600,6765,1,0,0,3,830,770,1947,2011,6048 26th Ave SW,Seattle,WA 98106,USA
20/05/14 0:00,494000,4,1.75,2090,4300,1.5,0,0,4,1250,840,1925,1968,5011 SW Dawson St,Seattle,WA 98136,USA
20/05/14 0:00,206000,4,2,1700,6025,1,0,0,3,1700,0,1978,0,606 5th St SE,Auburn,WA 98002,USA
20/05/14 0:00,423000,4,1.75,1940,6909,1,0,0,4,970,970,1941,1998,11207 Evanston Ave N,Seattle,WA 98133,USA
20/05/14 0:00,259000,3,1,1320,8625,1,0,0,4,1320,0,1957,2001,2931 NE 5th Pl,Renton,WA 98056,USA
20/05/14 0:00,879950,4,2.25,3500,13875,1,0,4,4,1830,1670,1938,0,10599 Marine View Dr SW,Seattle,WA 98146,USA
20/05/14 0:00,345600,5,3.5,2800,5120,2.5,0,0,3,2800,0,1903,2005,352 17th Ave,Seattle,WA 98122,USA
20/05/14 0:00,395000,3,1.5,1080,2940,1.5,0,0,4,1080,0,1920,0,7505 Ravenna Ave NE,Seattle,WA 98115,USA
20/05/14 0:00,625000,4,2.5,3550,8048,2,0,0,3,3550,0,2007,0,6519 Sword Fern Ave SE,Snoqualmie,WA 98065,USA
20/05/14 0:00,439000,3,2,2010,251341,2,0,0,3,1510,500,2003,0,16103 Kelly Rd NE,Duvall,WA 98019,USA
20/05/14 0:00,380000,3,1.75,1690,1468,2,0,0,3,1380,310,2008,0,4355 Jill Pl S,Seattle,WA 98108,USA
20/05/14 0:00,440000,3,1.5,1270,1443,3,0,0,3,1270,0,2007,0,9608 Roosevelt Way NE,Seattle,WA 98115,USA
20/05/14 0:00,415000,3,2.25,1970,2377,2,0,0,3,1680,290,2008,0,4351 Jill Pl S,Seattle,WA 98108,USA
20/05/14 0:00,860000,4,2.75,3160,8097,2,0,0,3,3160,0,2014,0,13009 NE 74th St,Kirkland,WA 98033,USA
20/05/14 0:00,500000,3,2.5,1210,1200,3,0,0,3,1210,0,2008,0,3903 Woodland Park Ave N,Seattle,WA 98103,USA
20/05/14 0:00,953007,4,3.5,3120,5086,2,0,0,3,2480,640,2008,0,6511 37th Ave NE,Seattle,WA 98115,USA
20/05/14 0:00,515000,4,2.5,2670,8765,2,0,0,3,2670,0,2006,0,5407 NE 3rd Pl,Renton,WA 98059,USA
20/05/14 0:00,772000,3,2.25,1640,1204,3,0,0,3,1640,0,2014,0,122 27th Ave E,Seattle,WA 98112,USA
20/05/14 0:00,329995,4,2.5,2303,3680,2,0,0,3,2303,0,2013,1923,38068 41st Pl S,Auburn,WA 98001,USA
20/05/14 0:00,409316,3,2.5,1800,3168,2,0,0,3,1800,0,2014,0,7416 Better Way Loop SE,Snoqualmie,WA 98065,USA
20/05/14 0:00,490000,5,3.5,4460,2975,3,0,2,3,3280,1180,2013,1923,1400 10th Ave W,Seattle,WA 98119,USA
20/05/14 0:00,305000,2,2.5,1590,2656,2,0,0,3,1220,370,2009,0,5937 Delridge Way SW,Seattle,WA 98106,USA
20/05/14 0:00,785000,4,3.5,3070,4684,2,0,0,3,2190,880,2009,0,2500-2556 NW Alpine Crest Way,Issaquah,WA 98027,USA
21/05/14 0:00,240000,2,1.75,1330,7200,1,0,0,3,1330,0,1993,0,17451 42nd Ln S,SeaTac,WA 98188,USA
21/05/14 0:00,325000,3,1,990,6750,1,0,0,4,990,0,1947,1988,11502 Corliss Ave N,Seattle,WA 98133,USA
21/05/14 0:00,535800,4,2.5,1900,5790,2,0,0,3,1900,0,1994,0,4136 258th Ave SE,Issaquah,WA 98029,USA
21/05/14 0:00,720000,3,2.5,2020,1159,3,0,3,3,2020,0,2000,0,208 N 45th St,Seattle,WA 98103,USA
21/05/14 0:00,374000,3,1.75,2000,9416,1,0,0,4,2000,0,1961,2001,12401 NE 108th Ln,Kirkland,WA 98033,USA
21/05/14 0:00,189650,2,1.75,1100,7600,1,0,0,3,1100,0,1980,0,1215 S 211th St,Des Moines,WA 98198,USA
21/05/14 0:00,420850,1,1,960,40946,1,0,0,5,960,0,1945,0,10815 E Lake Joy Dr NE,Carnation,WA 98014,USA
21/05/14 0:00,815000,4,2.75,3488,9614,2,0,0,3,3488,0,1998,2006,321 246th Way SE,Redmond,WA 98074,USA
21/05/14 0:00,1065000,2,1.75,1890,9466,2,0,0,3,1890,0,1987,2000,130 97th Ave NE,Bellevue,WA 98004,USA
21/05/14 0:00,199000,4,2,2030,8120,2,0,0,3,2030,0,1950,2005,11226 57th Ave S,Seattle,WA 98178,USA
21/05/14 0:00,195000,3,1.75,1380,7350,1,0,0,3,990,390,1981,2013,18600-18698 SE 259th Pl,Covington,WA 98042,USA
21/05/14 0:00,1506000,4,3.25,3660,5800,2.5,0,0,3,3360,300,1909,1995,1020 15th Ave E,Seattle,WA 98112,USA
21/05/14 0:00,288400,3,2.25,1870,3230,2,0,0,3,1870,0,1997,0,3901 NE 5th Pl,Renton,WA 98056,USA
21/05/14 0:00,442000,4,2.25,2080,12007,1,0,0,4,1220,860,1979,0,1740 216th Pl NE,Sammamish,WA 98074,USA
21/05/14 0:00,619420,4,2.75,2450,14803,2,0,0,4,2450,0,1988,0,8537 135th Ave SE,Newcastle,WA 98059,USA
21/05/14 0:00,635000,4,2.25,2750,6180,1,0,0,4,1500,1250,1948,0,3821 39th Ave S,Seattle,WA 98118,USA
21/05/14 0:00,210000,3,1,1240,4842,1,0,0,4,1240,0,1916,0,9612-9618 Renton Ave S,Seattle,WA 98118,USA
21/05/14 0:00,512500,3,2.5,1900,7604,2,0,0,3,1900,0,1990,2009,11125 115th Ave NE,Kirkland,WA 98033,USA
21/05/14 0:00,567000,3,2.5,2540,6093,2,0,0,3,2540,0,1999,0,7913-7935 79th Way NE,Kirkland,WA 98034,USA
21/05/14 0:00,525000,3,2.75,2100,10362,2,0,0,3,1510,590,1998,2006,3 Ober Strasse,Snoqualmie Pass,WA 98068,USA
21/05/14 0:00,475000,4,2,1790,2250,1,0,2,4,840,950,1909,1989,1017 N 38th St,Seattle,WA 98103,USA
21/05/14 0:00,250000,3,2,1170,7258,1,0,0,3,1170,0,1984,0,29812 55th Pl S,Auburn,WA 98001,USA
21/05/14 0:00,220000,3,1,1060,9126,1,0,2,5,1060,0,1956,0,1122 Harding St,Enumclaw,WA 98022,USA
21/05/14 0:00,230000,5,2,1930,6120,1.5,0,0,3,1930,0,1941,1969,10645 2nd Ave SW,Seattle,WA 98146,USA
21/05/14 0:00,385500,3,2,1540,7947,1,0,0,3,1120,420,1961,2004,9215 NE 183rd St,Bothell,WA 98011,USA
21/05/14 0:00,895000,5,3,2876,13927,1,0,2,4,1970,906,1973,0,5558 W Mercer Way,Mercer Island,WA 98040,USA
21/05/14 0:00,368250,3,2.5,2150,7484,2,0,0,3,2150,0,1988,2000,932 223rd Pl NE,Sammamish,WA 98074,USA
21/05/14 0:00,249900,2,1,1140,5500,1,0,0,3,1140,0,1947,2012,9412 24th Ave SW,Seattle,WA 98106,USA
21/05/14 0:00,350000,3,1.5,980,7790,1,0,0,5,980,0,1969,0,9753 NE 127th Pl,Kirkland,WA 98034,USA
21/05/14 0:00,175000,3,1.75,1230,13056,1,0,0,4,1230,0,1962,0,31649-31799 44th Ave S,Auburn,WA 98001,USA
21/05/14 0:00,270000,3,1.75,1390,10905,1,0,0,3,860,530,1957,2000,5601-5605 21st Ave SW,Seattle,WA 98106,USA
21/05/14 0:00,495000,3,3.5,2380,6250,2,0,3,3,1670,710,1997,0,6521-6599 S Norfolk St,Seattle,WA 98118,USA
21/05/14 0:00,1580000,3,3.25,3690,7200,2,0,0,3,3690,0,2007,0,440 8th Ave,Kirkland,WA 98033,USA
21/05/14 0:00,542500,5,3.25,3010,1074218,1.5,0,0,5,2010,1000,1931,0,16200-16398 252nd Ave SE,Issaquah,WA 98027,USA
21/05/14 0:00,330000,3,1,1250,9126,1,0,0,3,1250,0,1969,2010,17510 194th Ave NE,Woodinville,WA 98077,USA
21/05/14 0:00,1003000,4,2.75,2290,6120,2,0,0,4,2170,120,1926,1993,124 NE 63rd St,Seattle,WA 98115,USA
21/05/14 0:00,299800,2,1,790,5240,1,0,0,4,790,0,1925,1968,8041-8299 Beacon Ave S,Seattle,WA 98118,USA
21/05/14 0:00,299900,3,2.5,2720,6014,2,0,0,3,2720,0,2002,0,29820 125th Pl SE,Auburn,WA 98092,USA
21/05/14 0:00,691000,4,2.75,2550,8632,1,0,0,3,1700,850,1972,2002,4118 107th Pl NE,Kirkland,WA 98033,USA
21/05/14 0:00,195000,2,1,1080,3899,1,0,0,4,1080,0,1972,0,24807 10th Ave S,Des Moines,WA 98198,USA
21/05/14 0:00,405000,3,1.75,2470,9620,1,0,1,4,1570,900,1962,0,1018 S 226th St,Des Moines,WA 98198,USA
21/05/14 0:00,360000,2,0.75,850,7710,1,0,2,5,550,300,1909,1988,2458 S Ferdinand St,Seattle,WA 98108,USA
21/05/14 0:00,256750,3,2.5,1990,8991,1,0,0,3,1570,420,1969,2010,23255 133rd Ave SE,Kent,WA 98042,USA
21/05/14 0:00,332500,3,2.25,1800,10500,2,0,0,3,1800,0,1995,0,23902 231st Pl SE,Maple Valley,WA 98038,USA
21/05/14 0:00,975000,5,4,4850,36450,2,0,0,3,4850,0,1977,2004,13600 NE 36th Pl,Bellevue,WA 98005,USA
21/05/14 0:00,218000,3,1,1020,7874,1,0,0,3,1020,0,1956,2001,9455 8th Ave SW,Seattle,WA 98106,USA
21/05/14 0:00,429000,3,2.5,2420,49928,2,0,0,3,1860,560,1985,0,24998 SE 155th Pl,Issaquah,WA 98027,USA
21/05/14 0:00,589000,4,2.5,2910,5776,2,0,2,3,2910,0,1998,2006,6907 Fairway Ave SE,Snoqualmie,WA 98065,USA
21/05/14 0:00,255000,3,1.5,1060,9039,1,0,0,3,1060,0,1973,2013,19300 142nd Pl SE,Renton,WA 98058,USA
21/05/14 0:00,668750,4,2.5,2340,6420,1,0,2,3,1590,750,1964,2000,2148 NW 197th St,Shoreline,WA 98177,USA
21/05/14 0:00,344500,4,2.75,1800,5453,1,0,0,3,1050,750,2002,0,1816 Talbot Rd S,Renton,WA 98055,USA
21/05/14 0:00,452000,4,2,1660,6150,1,0,0,3,850,810,1945,2010,7308 28th Ave SW,Seattle,WA 98126,USA
21/05/14 0:00,540000,3,1.75,1300,62290,1,0,0,3,1300,0,1983,2009,26933 NE Union Hill Rd,Redmond,WA 98053,USA
21/05/14 0:00,246000,3,1.5,1780,23819,1,0,0,3,1780,0,1953,0,12432 16th Ave S,Seattle,WA 98168,USA
21/05/14 0:00,535000,2,1,1030,4841,1,0,0,3,920,110,1939,1969,1317 N 79th St,Seattle,WA 98103,USA
21/05/14 0:00,970000,4,3.25,2790,5420,1,0,3,3,1130,1660,1963,2013,19400-19498 23rd Ave NW,Shoreline,WA 98177,USA
21/05/14 0:00,430000,3,1,1150,3000,1,0,0,5,1150,0,1906,0,945 N 80th St,Seattle,WA 98103,USA
21/05/14 0:00,520000,4,2.5,3290,11446,2,0,0,3,3290,0,1992,0,8020 NE 153rd Pl,Kenmore,WA 98028,USA
21/05/14 0:00,712000,4,2.5,3400,247421,2,0,0,3,3400,0,2001,0,27728 SE 268th St,Ravensdale,WA 98051,USA
21/05/14 0:00,450000,2,1,1200,4000,1,0,0,3,1070,130,1940,1996,3026 37th Ave SW,Seattle,WA 98126,USA
21/05/14 0:00,220000,4,2.5,2160,8005,2,0,0,3,2160,0,1993,0,767 Oakhurst Dr,Pacific,WA 98047,USA
21/05/14 0:00,525000,3,1,1450,4000,1,0,1,4,950,500,1948,0,5155 54th Ave S,Seattle,WA 98118,USA
21/05/14 0:00,1220000,4,2.5,3240,3600,2,0,0,3,2060,1180,2008,0,2433 1st Ave N,Seattle,WA 98109,USA
21/05/14 0:00,540000,3,2,1470,1691,2,0,0,3,1000,470,2007,0,1032 NE 63rd St,Seattle,WA 98115,USA
21/05/14 0:00,600000,4,2.5,2360,5226,2,0,0,3,2360,0,2001,0,8410 NE 124th St,Kirkland,WA 98034,USA
21/05/14 0:00,600000,3,2.25,2230,9053,2,0,0,4,2230,0,1987,0,5718 147th Ave NE,Bellevue,WA 98007,USA
21/05/14 0:00,625000,4,2.5,2630,48706,2,0,0,3,2630,0,1986,0,16021 NE 203rd Pl,Woodinville,WA 98072,USA
21/05/14 0:00,150000,3,1,1010,25000,1,0,0,3,1010,0,1966,1963,10626 Kelly Rd NE,Carnation,WA 98014,USA
21/05/14 0:00,389999,3,2.25,1445,1471,2,0,0,3,1300,145,2003,0,206 Lingering Pine Dr NW,Issaquah,WA 98027,USA
21/05/14 0:00,285000,3,1.75,2380,6000,1.5,0,0,3,1320,1060,1935,1974,8723 S 117th St,Seattle,WA 98178,USA
21/05/14 0:00,744000,4,2.75,2830,13059,2,0,0,3,2830,0,1998,2006,26592 SE 15th St,Sammamish,WA 98075,USA
21/05/14 0:00,700000,4,2.5,3010,46173,2,0,0,3,3010,0,1996,0,4375 279th Ave NE,Redmond,WA 98053,USA
21/05/14 0:00,318989,4,2.25,2000,9000,1,0,0,4,2000,0,1978,2000,4231 SW 323rd St,Federal Way,WA 98023,USA
21/05/14 0:00,556000,3,2.25,2020,3600,2,0,0,3,2020,0,1998,2006,13031 NE 70th Dr,Kirkland,WA 98033,USA
21/05/14 0:00,275000,3,2.5,2030,6326,2,0,0,3,2030,0,1993,0,23418 SE 282nd Pl,Maple Valley,WA 98038,USA
21/05/14 0:00,430000,3,2.75,2550,11160,2,0,0,3,2550,0,1994,0,14540 5th Ave NE,Shoreline,WA 98155,USA
21/05/14 0:00,300000,2,1,970,13700,1,0,0,3,970,0,1949,1998,9807 22nd Ave SW,Seattle,WA 98106,USA
21/05/14 0:00,396450,3,1.75,1540,12446,1,0,0,5,1540,0,1967,0,1106-1128 Lewis Ln SE,Issaquah,WA 98027,USA
21/05/14 0:00,225000,2,1,1396,111949,1,0,0,3,1396,0,1940,1997,24841 Redmond-Fall City Rd NE,Redmond,WA 98053,USA
21/05/14 0:00,700000,4,3.25,2780,7875,2,0,0,3,2780,0,2006,0,543 N 138th St,Seattle,WA 98133,USA
21/05/14 0:00,260000,6,2,2220,8797,1,0,0,3,2220,0,1977,2004,142 11th St SE,Auburn,WA 98002,USA
21/05/14 0:00,655000,4,3.5,2350,13402,2,0,3,3,1670,680,1994,0,11221 NE 106th Pl,Kirkland,WA 98033,USA
21/05/14 0:00,1185000,3,2.25,2760,40946,2,0,0,5,2760,0,1978,0,13204 NE 45th St,Bellevue,WA 98005,USA
21/05/14 0:00,1550000,3,2.5,4460,26027,2,0,0,3,4460,0,1992,0,126th Ln NE,Kirkland,WA 98033,USA
21/05/14 0:00,413800,3,2,1440,4421,1,0,0,3,1440,0,2007,0,23571-23613 NE Twinberry Way,Redmond,WA 98053,USA
21/05/14 0:00,950000,5,3.75,5330,6000,2,0,2,3,3570,1760,2006,0,832 Summerhill Ridge Dr NW,Issaquah,WA 98027,USA
21/05/14 0:00,334990,4,2.5,2220,4228,2,0,0,3,2220,0,2014,0,11283-11399 5th Ave SW,Seattle,WA 98146,USA
21/05/14 0:00,2700000,5,4.75,5305,8401,2,0,2,3,3745,1560,2005,0,1010 6th St W,Kirkland,WA 98033,USA
21/05/14 0:00,1030000,3,4,3880,13095,2,0,3,3,3700,180,2009,0,8090 Juanita Dr NE,Kirkland,WA 98034,USA
21/05/14 0:00,1130000,4,3.25,3810,8519,1,0,1,3,2680,1130,2007,0,10022 NE 110th St,Kirkland,WA 98033,USA
21/05/14 0:00,556000,3,3,1960,1168,2,0,0,3,1600,360,2007,0,1150 NE Park Dr,Issaquah,WA 98029,USA
21/05/14 0:00,360000,3,2.5,1530,1131,3,0,0,3,1530,0,2009,0,933 N 97th St,Seattle,WA 98103,USA
22/05/14 0:00,480000,4,2.25,3250,34293,2,0,0,4,3250,0,1983,0,28030 185th Pl SE,Kent,WA 98042,USA
22/05/14 0:00,324000,3,2.5,1750,7208,2,0,0,3,1750,0,1994,0,11201 SE 190th Pl,Renton,WA 98055,USA
22/05/14 0:00,1050000,4,3.25,3440,35021,2,0,0,3,3440,0,1983,2009,11704 NE 41st St,Kirkland,WA 98033,USA
22/05/14 0:00,275000,1,0.75,1170,14149,1,0,0,5,880,290,1962,0,37316 W Lake Walker Dr SE,Enumclaw,WA 98022,USA
22/05/14 0:00,180000,3,1,870,5330,1,0,0,3,870,0,1969,2014,19654 SE 260th St,Covington,WA 98042,USA
22/05/14 0:00,749000,4,2.5,2930,18199,2,0,0,3,2930,0,1998,2006,1645 219th Pl SE,Sammamish,WA 98075,USA
22/05/14 0:00,1600000,3,2.5,3160,12824,1,0,2,4,1820,1340,1966,0,9410 Lake Washington Blvd NE,Bellevue,WA 98004,USA
22/05/14 0:00,373500,2,1,800,3330,1,0,0,3,800,0,1918,0,108 NW 41st St,Seattle,WA 98107,USA
22/05/14 0:00,770000,4,2.5,2350,8001,2,0,0,4,2350,0,1987,0,14019 SE 61st Pl,Bellevue,WA 98006,USA
22/05/14 0:00,356000,2,1.75,1060,16470,1,0,0,3,1060,0,1977,2004,15523 187th Ave NE,Woodinville,WA 98072,USA
22/05/14 0:00,625000,3,1.75,2060,12558,1,0,0,4,1350,710,1984,0,6619 147th Ct NE,Redmond,WA 98052,USA
22/05/14 0:00,494400,2,1.75,1560,1750,1,0,0,4,780,780,1904,0,115 Blaine St,Seattle,WA 98109,USA
22/05/14 0:00,585000,4,1.75,3000,42200,1,0,3,3,1500,1500,1950,2005,3901 Park Ave N,Renton,WA 98056,USA
22/05/14 0:00,926300,3,1.5,1660,4800,2,0,0,3,1660,0,1907,1983,1814 1st Ave W,Seattle,WA 98119,USA
22/05/14 0:00,600000,3,1.75,1650,5100,1,0,0,5,1040,610,1908,0,547 NE 81st St,Seattle,WA 98115,USA
22/05/14 0:00,430000,4,3,3220,8936,2,0,0,3,2450,770,1990,2009,20301 96th Ave S,Kent,WA 98031,USA
22/05/14 0:00,307000,3,1.5,2320,7500,1,0,0,3,2320,0,1976,0,26905 NE Cherry St,Duvall,WA 98019,USA
22/05/14 0:00,604700,4,2.75,2750,14982,1,0,3,3,1720,1030,1981,2013,27318 10th Pl S,Des Moines,WA 98198,USA
22/05/14 0:00,219900,3,1,910,6000,1,0,0,2,910,0,1956,0,303 SW 108th St,Seattle,WA 98146,USA
22/05/14 0:00,270000,2,1.5,840,867,2,0,0,3,840,0,2005,0,9122 23rd Ave NE,Seattle,WA 98115,USA
22/05/14 0:00,432000,3,2.25,1470,1578,2,0,0,3,1090,380,2007,0,7202 California Ave SW,Seattle,WA 98136,USA
22/05/14 0:00,300000,6,2,2040,10812,1,0,0,4,2040,0,1943,0,555 Index Ave NE,Renton,WA 98056,USA
22/05/14 0:00,361000,3,1,1100,4046,1.5,0,4,4,1100,0,1922,0,28764 Redondo Beach Dr S,Des Moines,WA 98198,USA
22/05/14 0:00,249950,2,1,940,8532,1,0,0,4,940,0,1959,0,628 SW 136th St,Burien,WA 98166,USA
22/05/14 0:00,320000,3,2,1110,10500,1,0,0,5,1110,0,1978,0,17040 426th Ave SE,North Bend,WA 98045,USA
22/05/14 0:00,305000,4,1.75,2200,8100,1.5,0,0,5,1400,800,1942,0,12036 23rd Ave S,Seattle,WA 98168,USA
22/05/14 0:00,503000,2,1.75,2860,59612,1,1,4,3,1510,1350,1948,2003,4338 SW 307th St,Federal Way,WA 98023,USA
22/05/14 0:00,235750,2,1,740,11250,1,0,0,2,740,0,1938,0,11050 24th Pl SW,Seattle,WA 98146,USA
22/05/14 0:00,657000,4,1.75,2740,8520,1,0,2,3,1370,1370,1954,2005,5524 S Morgan St,Seattle,WA 98118,USA
22/05/14 0:00,385000,3,1,1250,7300,1,0,0,4,1250,0,1956,0,16204 SE 8th St,Bellevue,WA 98008,USA
22/05/14 0:00,389950,4,2.5,3140,8060,2,0,0,3,3140,0,1991,0,32800 7th Ave SW,Federal Way,WA 98023,USA
22/05/14 0:00,150000,2,1,820,10270,1,0,0,3,820,0,1954,2005,10218 Aqua Way S,Seattle,WA 98168,USA
22/05/14 0:00,254500,4,2.75,2570,7264,2,0,0,3,1720,850,1998,2006,1621 56th Ct SE,Auburn,WA 98092,USA
22/05/14 0:00,555000,4,2.25,2350,8140,1,0,0,4,1430,920,1977,0,15800 SE 50th St,Bellevue,WA 98006,USA
22/05/14 0:00,1075000,4,3,3600,9200,1,0,4,4,2100,1500,1976,1992,2646 168th Ave SE,Bellevue,WA 98008,USA
22/05/14 0:00,245000,4,2,1580,8000,1,0,0,3,1040,540,1967,2011,2306 S 284th Pl,Federal Way,WA 98003,USA
22/05/14 0:00,319950,2,1,1070,5824,1,0,2,5,1070,0,1949,0,7057 S Lakeridge Dr,Seattle,WA 98178,USA
22/05/14 0:00,337000,3,1,1070,6109,1,0,0,5,1070,0,1951,0,12551 Roosevelt Way NE,Seattle,WA 98125,USA
22/05/14 0:00,492000,4,2,1640,5000,2,0,0,3,1640,0,1907,1983,639 NW 52nd St,Seattle,WA 98107,USA
22/05/14 0:00,1170000,3,2.75,2890,12130,2,0,3,4,2830,60,1987,0,4506 Lake Washington Blvd NE,Kirkland,WA 98033,USA
22/05/14 0:00,348580,3,1,1220,7876,1,0,0,3,1220,0,1966,1963,14405 105th Ave NE,Kirkland,WA 98034,USA
22/05/14 0:00,180000,2,1,1400,4500,1,0,0,3,900,500,1922,2008,309 Hardie Ave NW,Renton,WA 98057,USA
22/05/14 0:00,400000,3,1,1040,6250,1,0,0,3,1040,0,1942,1999,5440 42nd Ave SW,Seattle,WA 98136,USA
22/05/14 0:00,295000,4,2,980,10640,1,0,0,5,980,0,1978,0,17026 426th Ave SE,North Bend,WA 98045,USA
22/05/14 0:00,910000,4,3.25,3340,10890,1.5,0,0,3,2240,1100,1963,2000,15243 NE 71st Ct,Redmond,WA 98052,USA
22/05/14 0:00,1150000,6,4.5,6040,219542,2,0,0,3,4100,1940,1996,0,4616 252nd Ave SE,Issaquah,WA 98029,USA
22/05/14 0:00,431500,3,3.5,1900,1612,2,0,0,3,1430,470,2008,0,6527 41st Ave SW,Seattle,WA 98136,USA
22/05/14 0:00,180000,4,1.5,1740,7292,1,0,0,3,1020,720,1962,2003,13904 24th Ave S,SeaTac,WA 98168,USA
22/05/14 0:00,677000,3,2,2000,3207,1,0,0,4,1100,900,1916,0,1330 N Lucas Pl,Seattle,WA 98103,USA
22/05/14 0:00,1180500,3,1.75,1610,7200,1,0,0,3,1090,520,1973,2013,1015 36th Ave E,Seattle,WA 98112,USA
22/05/14 0:00,635700,4,2.5,3240,13978,1,0,0,3,1860,1380,1977,2004,2069 211th Ave NE,Sammamish,WA 98074,USA
22/05/14 0:00,482000,5,2.25,2230,9600,1,0,0,3,1320,910,1978,0,16218 195th Pl NE,Woodinville,WA 98077,USA
22/05/14 0:00,168000,2,2.5,1160,2174,2,0,0,3,1160,0,1998,2006,8601-8633 26th Ave SW,Seattle,WA 98106,USA
22/05/14 0:00,805000,4,2.75,2410,6000,1,0,0,5,1410,1000,1950,0,3210 NW 58th St,Seattle,WA 98107,USA
22/05/14 0:00,398000,2,1,590,10945,1.5,0,0,3,590,0,1983,2009,29613-29615 232nd Ave SE,Black Diamond,WA 98010,USA
22/05/14 0:00,665000,4,2.5,2600,17388,2,0,0,3,2600,0,1996,0,14623 SE 82nd Ct,Newcastle,WA 98059,USA
22/05/14 0:00,592500,4,3,2170,8240,1,0,0,4,1370,800,1968,0,18504 NE 21st St,Redmond,WA 98052,USA
22/05/14 0:00,940000,4,2.75,2080,4000,1.5,0,0,3,2080,0,1912,2000,6042 Sycamore Ave NW,Seattle,WA 98107,USA
22/05/14 0:00,655000,4,2.5,2860,12394,2,0,0,3,2860,0,1999,0,2853 234th Ave SE,Sammamish,WA 98075,USA
22/05/14 0:00,622500,4,2.5,2980,8107,2,0,0,3,2980,0,2000,0,34823 Rhododendron Dr SE,Snoqualmie,WA 98065,USA
22/05/14 0:00,380000,2,2.5,1230,987,2,0,0,3,1060,170,2011,0,2031 S Washington St,Seattle,WA 98144,USA
22/05/14 0:00,648360,4,1.75,2260,7005,1,0,1,4,1130,1130,1947,1988,137 18th Ave,Kirkland,WA 98033,USA
22/05/14 0:00,432000,3,2.75,2200,14925,1,0,0,3,1100,1100,1982,0,21013 NE 60th Pl,Redmond,WA 98053,USA
22/05/14 0:00,1050000,4,2.5,3030,12590,1.5,0,0,4,3030,0,1988,0,3255 111th Ave SE,Bellevue,WA 98004,USA
22/05/14 0:00,353250,2,1,1060,1600,2,0,0,3,1060,0,1979,2014,1523 30th Ave S,Seattle,WA 98144,USA
22/05/14 0:00,1000000,4,3,4260,18687,2,0,0,3,4260,0,1996,0,2432 267th Ct SE,Sammamish,WA 98075,USA
22/05/14 0:00,320000,3,2.25,998,844,2,0,0,3,798,200,2007,0,820 NW 95th St,Seattle,WA 98117,USA
22/05/14 0:00,349900,4,2.5,2052,3723,2,0,0,3,2052,0,2014,0,35650 30th Ave S,Federal Way,WA 98003,USA
22/05/14 0:00,330000,4,3.5,3150,6202,2,0,0,3,3150,0,2005,0,22547 134th Pl SE,Kent,WA 98042,USA
22/05/14 0:00,408000,3,2.25,1950,7221,1,0,0,4,1950,0,2006,0,3742 S 192nd St,SeaTac,WA 98188,USA
22/05/14 0:00,321000,3,2.25,1347,1292,3,0,0,3,1347,0,2010,0,14007-14017 35th Ave NE,Seattle,WA 98125,USA
22/05/14 0:00,1051000,4,3.75,3860,5474,2.5,0,0,3,3860,0,2007,0,2603 NE Davis Loop,Issaquah,WA 98029,USA
22/05/14 0:00,2150000,4,5.5,5060,10320,2,0,0,3,5060,0,2008,0,1500-1598 98th Ave NE,Bellevue,WA 98004,USA
22/05/14 0:00,359000,3,1.5,1360,885,3,0,0,3,1360,0,2008,0,709 N 94th St,Seattle,WA 98103,USA
22/05/14 0:00,300000,5,2.5,2760,6000,2,0,0,3,2760,0,2006,0,843 S Rose St,Seattle,WA 98108,USA
22/05/14 0:00,380000,5,3.5,2420,4670,2,0,0,3,2420,0,2013,1923,8803 38th Ave S,Seattle,WA 98118,USA
22/05/14 0:00,660000,3,2.5,2450,4332,2,0,0,3,2450,0,2010,0,10741 242nd Pl NE,Redmond,WA 98053,USA
22/05/14 0:00,355000,3,2.25,1280,959,3,0,0,3,1280,0,2005,0,8526 Nesbit Ave N,Seattle,WA 98103,USA
22/05/14 0:00,259000,3,2.5,1550,3569,2,0,0,3,1550,0,2011,0,1506 51st St NE,Auburn,WA 98002,USA
22/05/14 0:00,353000,1,1,550,1279,2,0,0,3,550,0,2008,0,1620 14th Ave,Seattle,WA 98122,USA
22/05/14 0:00,430000,2,2.5,1520,1588,2,0,0,3,1240,280,2007,0,2310 15th Ave S,Seattle,WA 98144,USA
23/05/14 0:00,460000,3,1,1670,4005,1.5,0,0,4,1170,500,1939,1989,8030 18th Ave NW,Seattle,WA 98117,USA
23/05/14 0:00,80000,1,0.75,430,5050,1,0,0,2,430,0,1912,0,32215 E Rutherford St,Carnation,WA 98014,USA
23/05/14 0:00,782000,4,2.5,2380,9614,2,0,0,4,2380,0,1991,0,16810 SE 47th Way,Bellevue,WA 98006,USA
23/05/14 0:00,218000,3,1,960,9633,1,0,0,5,960,0,1982,0,506 Harmony Ln,Enumclaw,WA 98022,USA
23/05/14 0:00,325000,3,1,1920,6862,1,0,2,3,1120,800,1952,2008,4602 S Fletcher St,Seattle,WA 98118,USA
23/05/14 0:00,980000,4,3,3680,5854,1,0,3,3,2060,1620,1967,2011,1414 Magnolia Blvd W,Seattle,WA 98199,USA
23/05/14 0:00,902000,4,2.25,2530,9200,1,0,0,5,1570,960,1976,0,4632 141st Ct SE,Bellevue,WA 98006,USA
23/05/14 0:00,556000,5,2.5,3840,16905,2,0,0,3,3840,0,1991,0,739 SW 337th St,Federal Way,WA 98023,USA
23/05/14 0:00,662990,3,1.75,1240,3600,1.5,0,0,5,1240,0,1926,0,2552 57th Ave SW,Seattle,WA 98116,USA
23/05/14 0:00,225000,2,1,1300,11867,1.5,0,0,4,1300,0,1975,0,33023 SE 310th St,Ravensdale,WA 98051,USA
23/05/14 0:00,439950,4,2.5,2380,12067,2,0,0,3,2380,0,2002,0,313 Mt Baker Pl NE,Renton,WA 98059,USA
23/05/14 0:00,175000,2,1,1300,44431,1,0,0,5,1300,0,1958,0,30557 55th Ave S,Auburn,WA 98001,USA
23/05/14 0:00,306000,2,1,780,13500,1,0,0,4,780,0,1946,1989,15210 Mink Rd NE,Woodinville,WA 98077,USA
23/05/14 0:00,235000,4,2.5,1810,39639,1,0,0,3,1230,580,1970,2014,17421 SE Covington Sawyer Rd,Kent,WA 98042,USA
23/05/14 0:00,399500,3,1.75,2420,12676,2,0,0,3,2420,0,1911,1986,227 W Park St,North Bend,WA 98045,USA
23/05/14 0:00,478000,3,1,1280,2580,1.5,0,0,3,1280,0,1910,2014,6008 8th Ave NE,Seattle,WA 98115,USA
23/05/14 0:00,515000,2,1,1680,6500,1,0,0,4,1140,540,1941,1998,5906 44th Ave SW,Seattle,WA 98136,USA
23/05/14 0:00,550000,3,2.5,2510,5400,2,0,0,3,2510,0,1992,0,919 N 33rd St,Renton,WA 98056,USA
23/05/14 0:00,149000,3,1,1700,8645,1,0,0,3,1700,0,1955,2005,12701 2nd Ave SW,Seattle,WA 98146,USA
23/05/14 0:00,526000,3,1.75,1680,3420,1,0,0,3,960,720,1992,0,7717 35th Ave NE,Seattle,WA 98115,USA
23/05/14 0:00,527550,1,0.75,820,59677,1,0,0,3,820,0,1999,0,7608 N Fork Rd SE,Snoqualmie,WA 98065,USA
23/05/14 0:00,1050000,3,4,4380,42769,2,0,0,5,4380,0,1983,0,17301 NE 131st St,Redmond,WA 98052,USA
23/05/14 0:00,625000,3,2.5,2600,10092,1,0,0,3,2600,0,1984,0,22922 NE 14th St,Sammamish,WA 98074,USA
23/05/14 0:00,950000,5,3.25,3400,7452,2,0,0,3,3400,0,1999,0,15251 NE 6th St,Bellevue,WA 98007,USA
23/05/14 0:00,377691,5,1.75,2120,8399,1,0,0,4,1320,800,1942,1982,18318 Meridian Ave N,Shoreline,WA 98133,USA
23/05/14 0:00,648475,4,2.75,2250,5700,1,0,0,3,1200,1050,1951,1994,2436 Dexter Ave N,Seattle,WA 98109,USA
23/05/14 0:00,383000,3,1,1800,5612,1,0,0,4,1200,600,1942,1982,8639 36th Ave SW,Seattle,WA 98126,USA
23/05/14 0:00,535000,3,2.5,2210,7620,2,0,0,3,2210,0,1994,0,10526 157th Ave NE,Redmond,WA 98052,USA
23/05/14 0:00,449950,3,2,1560,4080,2,0,0,3,1560,0,1923,1982,828 NE 83rd St,Seattle,WA 98115,USA
23/05/14 0:00,465425,4,2.75,2430,20720,1,0,0,3,2430,0,1967,2011,14951 NE 204th St,Woodinville,WA 98072,USA
23/05/14 0:00,675000,4,2.5,2560,36601,2,0,0,4,2560,0,1987,0,26007 SE 27th St,Sammamish,WA 98075,USA
23/05/14 0:00,599000,3,2.75,1960,2500,1.5,0,0,5,1410,550,1926,0,427 N 63rd St,Seattle,WA 98103,USA
23/05/14 0:00,416000,3,1.5,1110,9762,1,0,0,4,1110,0,1963,0,14222 NE 80th Pl,Redmond,WA 98052,USA
23/05/14 0:00,595000,2,1.5,1030,4500,1,0,0,3,830,200,1924,2011,2726 Mayfair Ave N,Seattle,WA 98109,USA
23/05/14 0:00,200000,4,1,1350,11507,1,0,0,3,1350,0,1966,1963,19516-19598 108th Ave SE,Renton,WA 98055,USA
23/05/14 0:00,402000,3,2,1540,1827,2,0,0,3,1540,0,2005,0,2460 NE Park Dr,Issaquah,WA 98029,USA
23/05/14 0:00,433000,4,1.75,1830,9600,1,0,0,4,1010,820,1966,0,16130 SE Newport Way,Bellevue,WA 98006,USA
23/05/14 0:00,275000,4,1.5,1930,15531,2,0,0,3,1930,0,1979,2014,28616 28th Pl S,Federal Way,WA 98003,USA
23/05/14 0:00,410000,3,2,1650,9641,1.5,0,0,3,1650,0,1983,2009,12721 83rd Ct NE,Kirkland,WA 98034,USA
23/05/14 0:00,554820,4,2,3510,12905,1,0,2,3,2210,1300,1965,1982,1962 SW 172nd St,Burien,WA 98166,USA
23/05/14 0:00,1325000,4,3,3370,7920,1,0,3,3,1860,1510,1988,2000,3524 NW 67th St,Seattle,WA 98117,USA
23/05/14 0:00,735000,3,2.5,2390,9157,2,0,0,3,2390,0,1984,0,14500-14526 NE 61st St,Redmond,WA 98052,USA
23/05/14 0:00,607000,3,1,1230,8114,1,0,0,4,1230,0,1951,1999,3126 108th Ave SE,Bellevue,WA 98004,USA
23/05/14 0:00,549900,4,3,2830,213879,2,0,0,4,2830,0,1987,0,34422 176th Ave SE,Auburn,WA 98092,USA
23/05/14 0:00,258000,3,1.75,1620,7540,1,0,0,3,1310,310,1988,2000,21659 SE 266th St,Maple Valley,WA 98038,USA
23/05/14 0:00,661254,4,4,2290,6250,1.5,0,0,5,1690,600,1940,0,2319 41st Ave SW,Seattle,WA 98116,USA
23/05/14 0:00,945000,4,2,2840,13367,1,0,0,3,1420,1420,1952,2008,9723 NE 15th St,Clyde Hill,WA 98004,USA
23/05/14 0:00,799950,4,3.5,4220,196817,2,0,0,3,4220,0,1993,0,5002 Jasmine Ave SE,Auburn,WA 98092,USA
23/05/14 0:00,132500,3,1,1080,10500,1,0,0,3,1080,0,1967,2011,4411 S 314th St,Auburn,WA 98001,USA
23/05/14 0:00,467100,3,1.75,1620,8645,1,0,0,3,1190,430,1973,2013,6605-6609 141st Pl NE,Redmond,WA 98052,USA
23/05/14 0:00,1610000,4,3.5,4390,11600,2,0,3,3,3060,1330,1990,2009,2758 68th Ave SE,Mercer Island,WA 98040,USA
23/05/14 0:00,641000,3,1.75,1620,3975,1,0,0,5,940,680,1926,0,6729 Dibble Ave NW,Seattle,WA 98117,USA
23/05/14 0:00,350000,3,1,1010,11244,1,0,0,4,1010,0,1947,1988,16220 8th Ave NE,Shoreline,WA 98155,USA
23/05/14 0:00,335000,4,2.5,1750,8476,1,0,0,4,1240,510,1983,0,15216 SE 176th Pl,Renton,WA 98058,USA
23/05/14 0:00,900000,3,3.5,4080,217697,1.5,0,3,3,4080,0,2000,0,37739 Auburn Enumclaw Rd SE,Auburn,WA 98092,USA
23/05/14 0:00,440000,4,2.5,2560,10400,1,0,0,4,1280,1280,1965,0,749 Mountain View Pl SW,Issaquah,WA 98027,USA
23/05/14 0:00,464600,3,1.75,1120,5500,1.5,0,0,4,1120,0,1925,1968,6617 Beveridge Pl SW,Seattle,WA 98136,USA
23/05/14 0:00,1200000,4,3.5,4740,172497,2,0,0,3,4740,0,2003,0,19933 NE 85th St,Redmond,WA 98053,USA
23/05/14 0:00,300000,2,1,1340,7788,1,0,2,3,1340,0,1947,2012,7111 S Ryan St,Seattle,WA 98178,USA
23/05/14 0:00,670500,4,2,1590,6750,1,0,0,3,1590,0,1951,1994,2333 12th Ave E,Seattle,WA 98102,USA
23/05/14 0:00,552000,3,1,1430,5000,1,0,0,4,1080,350,1919,1985,6008 29th Ave NE,Seattle,WA 98115,USA
23/05/14 0:00,244000,4,1,1450,8960,1,0,0,3,1450,0,1943,2002,1011 SW 118th St,Seattle,WA 98146,USA
23/05/14 0:00,788600,4,2.75,3500,7200,2,0,0,3,3500,0,2005,0,8930-9034 236th Ave NE,Redmond,WA 98053,USA
23/05/14 0:00,445000,3,2,1630,8702,1,0,0,3,1630,0,1987,2000,1905 NE 29th Ct,Renton,WA 98056,USA
23/05/14 0:00,530000,4,1.75,1814,5000,1,0,0,4,944,870,1951,1999,7532 44th Ave NE,Seattle,WA 98115,USA
23/05/14 0:00,90000,2,1,580,7500,1,0,0,3,580,0,1943,2002,6621 S 131st Pl,Seattle,WA 98178,USA
23/05/14 0:00,585000,3,2,1670,4572,1.5,0,0,3,1670,0,1931,0,7705 13th Ave NW,Seattle,WA 98117,USA
23/05/14 0:00,498000,2,2,1140,8282,1,0,0,3,1140,0,1924,2009,2086 Market St,Kirkland,WA 98033,USA
23/05/14 0:00,379000,2,1,800,6380,1,0,2,3,800,0,1940,1996,1709 NE 86th St,Seattle,WA 98115,USA
23/05/14 0:00,462000,3,1.75,1300,2580,1,0,0,5,820,480,1919,1934,825 NE 63rd St,Seattle,WA 98115,USA
23/05/14 0:00,388000,4,2.5,2440,7155,2,0,0,3,2440,0,1993,0,16032 SE 170th Pl,Renton,WA 98058,USA
23/05/14 0:00,255000,3,2,1490,8371,1.5,0,0,3,1490,0,1984,0,11405 SE 229th St,Kent,WA 98031,USA
23/05/14 0:00,665000,3,2.75,1800,9550,1,0,0,4,1320,480,1966,0,12115 SE 44th Pl,Bellevue,WA 98006,USA
23/05/14 0:00,550000,3,2,1830,9152,1,0,0,5,1830,0,1959,0,11815 SE 56th St,Bellevue,WA 98006,USA
23/05/14 0:00,606000,3,1,1500,3920,1,0,0,3,1000,500,1947,2012,128 NW 59th St,Seattle,WA 98107,USA
23/05/14 0:00,334000,4,2.5,2210,6080,1,0,2,4,1410,800,1965,0,12413 84th Ave S,Seattle,WA 98178,USA
23/05/14 0:00,360000,3,2,1270,1323,3,0,0,3,1270,0,2006,0,8830 Midvale Ave N,Seattle,WA 98103,USA
23/05/14 0:00,235000,2,1,1140,1730,1.5,0,0,3,1010,130,2007,0,3002 SW Cycle Ct,Seattle,WA 98126,USA
23/05/14 0:00,580000,3,2.5,1620,1173,3,0,4,3,1470,150,2008,0,5410 Greenwood Ave N,Seattle,WA 98103,USA
23/05/14 0:00,355000,3,2,1220,1186,3,0,0,3,1220,0,2007,0,9245a Interlake Ave N,Seattle,WA 98103,USA
23/05/14 0:00,375000,2,2.5,750,1430,2,0,0,3,750,0,2006,0,1700 E Columbia St,Seattle,WA 98122,USA
24/05/14 0:00,372000,4,1.75,1960,9300,1,0,0,5,1340,620,1979,0,16803 426th Pl SE,North Bend,WA 98045,USA
24/05/14 0:00,479000,3,1,1370,3000,1.5,0,0,3,1370,0,1924,2011,611 N 46th St,Seattle,WA 98103,USA
24/05/14 0:00,2000000,5,4,4580,4443,3,1,4,3,4580,0,2004,2003,4277 E Lake Sammamish Shore Ln SE,Sammamish,WA 98075,USA
24/05/14 0:00,1680000,4,4.25,5584,68257,2,0,0,3,5584,0,1998,2006,29002 NE 3rd Way,Carnation,WA 98014,USA
24/05/14 0:00,501000,2,1,1010,4320,1,0,0,5,1010,0,1924,1956,7550 Roosevelt Way NE,Seattle,WA 98115,USA
24/05/14 0:00,245000,3,1.75,1260,6908,1,0,0,3,1260,0,1994,0,23221 SE 242nd St,Maple Valley,WA 98038,USA
24/05/14 0:00,496700,3,2.5,1740,5782,2,0,0,4,1740,0,1989,0,3512 253rd Ct SE,Issaquah,WA 98029,USA
24/05/14 0:00,347000,4,1.5,2670,10026,2,0,0,3,2670,0,1996,0,1121 48th Ct SE,Auburn,WA 98092,USA
24/05/14 0:00,199000,2,1,720,7200,1,0,0,5,720,0,1943,0,3113 SE 6th St,Renton,WA 98058,USA
24/05/14 0:00,440500,3,2.5,2460,4399,2,0,0,3,2460,0,2007,0,34214 SE Carmichael St,Snoqualmie,WA 98065,USA
24/05/14 0:00,820000,4,2.5,3670,7000,2,0,0,3,3670,0,2005,0,19454 SE 27th Pl,Sammamish,WA 98075,USA
25/05/14 0:00,325000,4,3.5,2630,3435,1.5,0,3,3,1640,990,1984,0,18641 48th Pl S,SeaTac,WA 98188,USA
25/05/14 0:00,195000,3,1.75,1570,8459,1,0,0,3,1570,0,1991,0,1168 Semanski St,Enumclaw,WA 98022,USA
25/05/14 0:00,675000,3,3,2980,28000,1,0,0,3,1820,1160,1981,2013,15017-15023 NE 144th St,Redmond,WA 98052,USA
25/05/14 0:00,295000,3,2.5,1560,4200,2,0,0,3,1560,0,2003,0,23620 SE 243rd Pl,Maple Valley,WA 98038,USA
25/05/14 0:00,355300,3,2.5,1620,7410,1,0,0,5,1620,0,1955,0,19584-19766 Meridian Ave N,Shoreline,WA 98133,USA
26/05/14 0:00,276000,3,1,1140,5000,1,0,0,3,1140,0,1960,2012,5403 23rd Ave SW,Seattle,WA 98106,USA
26/05/14 0:00,460000,2,1.5,2730,19877,1,0,0,4,1570,1160,1976,1992,19807 330th Ave NE,Duvall,WA 98019,USA
26/05/14 0:00,880000,3,2,2130,35169,1,0,0,4,2130,0,1989,0,16704 162nd Ave NE,Woodinville,WA 98072,USA
26/05/14 0:00,370000,3,2.5,1780,4050,2,0,0,3,1780,0,2001,0,1743 NE 146th St,Shoreline,WA 98155,USA
26/05/14 0:00,346000,4,2.5,2100,3916,2,0,0,3,2100,0,2009,0,11674 SE 189th Pl,Renton,WA 98058,USA
26/05/14 0:00,172500,3,1,1140,8800,1,0,0,3,1140,0,1972,2002,4804 S 378th St,Auburn,WA 98001,USA
26/05/14 0:00,379950,3,1.5,1690,9144,1,0,0,4,1140,550,1956,0,6601 NE 153rd Pl,Kenmore,WA 98028,USA
27/05/14 0:00,468000,2,1,1160,6000,1,0,0,4,860,300,1942,1982,3169 NE 85th St,Seattle,WA 98115,USA
27/05/14 0:00,477000,4,2.75,1720,6270,2,0,0,3,1720,0,1978,0,5149 S Graham St,Seattle,WA 98118,USA
27/05/14 0:00,529000,3,1,1210,3328,1.5,0,0,4,1210,0,1924,0,6015 5th Ave NW,Seattle,WA 98107,USA
27/05/14 0:00,312000,3,1.5,1255,1374,3,0,0,3,1255,0,2004,2003,11716 16th Ave NE,Seattle,WA 98125,USA
27/05/14 0:00,326100,2,1,880,7683,1,0,0,3,880,0,1942,1999,11709 3rd Ave NW,Seattle,WA 98177,USA
27/05/14 0:00,360000,3,1,1050,9206,1.5,0,0,3,1050,0,1954,2005,10710 Lake City Way NE,Seattle,WA 98125,USA
27/05/14 0:00,438000,3,1.75,1650,12940,1,0,0,4,1650,0,1961,2001,18504 57th Ave NE,Kenmore,WA 98028,USA
27/05/14 0:00,360000,3,1,1570,9467,1,0,0,3,1570,0,1954,2005,19141 1st Ave NW,Shoreline,WA 98177,USA
27/05/14 0:00,1050000,4,2.5,2920,7200,1,0,3,3,1470,1450,1921,2006,3438-3474 S Charles St,Seattle,WA 98144,USA
27/05/14 0:00,688000,4,3,3000,4000,1.5,0,3,3,1970,1030,1913,2014,3220 19th Ave S,Seattle,WA 98144,USA
27/05/14 0:00,585000,3,1.75,1850,7735,1,0,0,4,1850,0,1983,0,4640 193rd Ave SE,Issaquah,WA 98027,USA
27/05/14 0:00,265000,3,2.5,1440,7741,1,0,0,4,1000,440,1983,0,11009 SE 220th Pl,Kent,WA 98031,USA
27/05/14 0:00,375000,3,1.75,1440,8775,1,0,0,3,1440,0,1973,2013,13607 128th Ave NE,Kirkland,WA 98034,USA
27/05/14 0:00,326500,3,1,1810,12375,2,0,0,3,1810,0,1970,2014,15717 126th Pl NE,Woodinville,WA 98072,USA
27/05/14 0:00,160000,2,1,1180,9350,1,0,0,3,1180,0,1918,0,12662 60th Ave S,Seattle,WA 98178,USA
27/05/14 0:00,1570000,4,3.75,3070,5850,2,0,0,5,2400,670,1927,0,1527 39th Ave E,Seattle,WA 98112,USA
27/05/14 0:00,735000,5,2.75,3390,5211,2,0,0,3,3390,0,2004,2003,Trossachs Blvd SE,Sammamish,WA 98075,USA
27/05/14 0:00,400000,2,1,1470,6120,1,0,0,2,1470,0,1940,0,3825 NE 87th St,Seattle,WA 98115,USA
27/05/14 0:00,800000,4,2.5,2680,7200,1,0,0,3,1380,1300,1952,2013,11540 NE 91st St,Kirkland,WA 98033,USA
27/05/14 0:00,949880,4,2.25,2290,10687,2,0,0,3,2290,0,1978,0,10413 SE 25th St,Bellevue,WA 98004,USA
27/05/14 0:00,405000,3,1.75,1980,8100,1,0,0,4,1310,670,1949,1985,2317 N 147th St,Shoreline,WA 98133,USA
27/05/14 0:00,399000,4,2.5,2870,9292,2,0,0,3,2540,330,1979,2014,16727 163rd Pl SE,Renton,WA 98058,USA
27/05/14 0:00,730001,3,2,1840,4750,1,0,0,5,1010,830,1951,0,7741 29th Ave NW,Seattle,WA 98117,USA
27/05/14 0:00,1795000,4,3.25,4060,13000,2,0,3,3,4060,0,2000,0,6875 SE 33rd St,Mercer Island,WA 98040,USA
27/05/14 0:00,260000,3,2,1630,8018,1,0,0,3,1630,0,2003,0,311 Dereks Pl,Pacific,WA 98047,USA
27/05/14 0:00,751750,2,2,1880,5400,1.5,0,0,3,1880,0,1902,0,516 16th Ave E,Seattle,WA 98112,USA
27/05/14 0:00,325000,3,1.75,1780,13095,1,0,0,4,1780,0,1983,0,26222 142nd Ave SE,Kent,WA 98042,USA
27/05/14 0:00,344950,4,2,2330,6250,1,0,0,4,1400,930,1941,1998,440 Scenic Way,Kent,WA 98030,USA
27/05/14 0:00,457500,3,1.75,1840,4030,1,0,0,5,1050,790,1925,0,1626 S Bennett St,Seattle,WA 98108,USA
27/05/14 0:00,389000,5,2,2330,10750,1,0,0,4,1190,1140,1962,0,14323 73rd Ave NE,Kenmore,WA 98028,USA
27/05/14 0:00,515000,4,2.5,3200,6473,2,0,0,3,3200,0,2005,0,5201 NE 11th Ct,Renton,WA 98059,USA
27/05/14 0:00,732000,3,2.5,2330,1987,2,0,4,3,1410,920,2004,2003,6123 37th Ave NW,Seattle,WA 98107,USA
27/05/14 0:00,415000,3,2.25,1950,8868,1,0,0,3,1350,600,1964,2000,1531 NE 172nd St,Shoreline,WA 98155,USA
27/05/14 0:00,1655000,4,3.5,3080,4815,2,0,3,3,2300,780,1937,2009,2441-2499 Crane Dr W,Seattle,WA 98199,USA
27/05/14 0:00,535000,2,1,1040,5527,1,0,0,3,1040,0,1951,1994,6559 42nd Ave NE,Seattle,WA 98115,USA
27/05/14 0:00,540000,4,4.25,1960,3565,2,0,0,3,1960,0,1940,2003,2113 41st Ave SW,Seattle,WA 98116,USA
27/05/14 0:00,525000,5,3,2750,3800,1.5,0,0,5,1750,1000,1926,0,7550 14th Avenue Northeast,Seattle,WA 98115,USA
27/05/14 0:00,570000,3,1.75,1930,36210,1,0,0,3,1930,0,1977,2004,15816 NE 195th St,Woodinville,WA 98072,USA
27/05/14 0:00,569950,5,4.5,4850,40902,2,0,0,3,4850,0,2001,0,31617 6th Ave SW,Federal Way,WA 98023,USA
27/05/14 0:00,283200,4,2.5,1982,6406,2,0,0,3,1982,0,2004,2003,26526 111th Pl SE,Kent,WA 98030,USA
27/05/14 0:00,1100000,3,2.75,2640,4050,1.5,0,0,5,1750,890,1926,0,1532 McGilvra Blvd E,Seattle,WA 98112,USA
27/05/14 0:00,830000,4,2.5,1850,50662,1,0,0,3,1430,420,1978,0,5022 Private Rd,Redmond,WA 98052,USA
27/05/14 0:00,495000,4,2.25,1940,9144,1,0,0,4,1430,510,1956,0,1805 154th Ave SE,Bellevue,WA 98007,USA
27/05/14 0:00,292050,5,3,2840,7199,1,0,0,3,1710,1130,2003,0,10719 47th Ave S,Tukwila,WA 98178,USA
27/05/14 0:00,415000,5,1.5,1900,10226,1,0,0,3,1130,770,1961,2004,8605 NE 137th St,Kirkland,WA 98034,USA
27/05/14 0:00,295832,5,1,1410,6400,1,0,0,5,960,450,1955,0,20208 1st Pl S,Des Moines,WA 98198,USA
27/05/14 0:00,450000,4,2.5,2520,8515,2,0,0,3,2520,0,1999,0,28312 NE 138th Pl,Duvall,WA 98019,USA
27/05/14 0:00,1381000,4,3.75,3160,9525,2.5,0,0,3,3160,0,1997,0,4646 88th Ave SE,Mercer Island,WA 98040,USA
27/05/14 0:00,857000,4,3,3720,29043,2,0,0,3,3720,0,1991,0,10161 134th Pl NE,Kirkland,WA 98033,USA
27/05/14 0:00,499950,3,3.5,1820,1501,2,0,0,3,1430,390,2014,0,729 Martin Luther King Jr Way S,Seattle,WA 98144,USA
27/05/14 0:00,465000,3,2,1560,8640,1,0,0,5,1560,0,1967,0,14216-14228 117th Ave NE,Kirkland,WA 98034,USA
27/05/14 0:00,329000,3,1,1600,5952,1,0,0,4,1150,450,1964,0,8127 22nd Ave SW,Seattle,WA 98106,USA
27/05/14 0:00,475000,3,2,1230,11502,1,0,0,4,1230,0,1984,0,15918 NE 113th Ct,Redmond,WA 98052,USA
27/05/14 0:00,255000,3,1,960,8100,1,0,0,3,960,0,1955,2005,20234 20th Ave NE,Shoreline,WA 98155,USA
27/05/14 0:00,435000,3,1,1270,4000,1.5,0,2,3,1270,0,1928,1954,3824 35th Ave SW,Seattle,WA 98126,USA
27/05/14 0:00,685000,3,2.5,2810,7700,2,0,0,3,2810,0,2001,0,6231 Lake Washington Blvd SE,Bellevue,WA 98006,USA
27/05/14 0:00,715000,2,2.5,2160,5581,1,0,0,3,2160,0,2002,0,23744 NE 116th Pl,Redmond,WA 98053,USA
27/05/14 0:00,780000,3,3,2520,2152,1.5,0,0,3,1560,960,1925,2006,1906 11th Ave W,Seattle,WA 98119,USA
27/05/14 0:00,345000,2,1.5,1180,844,2,0,0,3,990,190,2005,0,323 25th Ave S,Seattle,WA 98144,USA
27/05/14 0:00,355000,4,2.25,1810,4970,2,0,0,3,1810,0,2003,0,1035 Duvall Pl NE,Renton,WA 98059,USA
27/05/14 0:00,282000,3,2.5,1680,15711,1,0,0,3,1240,440,1994,0,20020 127th Pl SE,Kent,WA 98031,USA
27/05/14 0:00,244000,3,1,910,5250,1,0,0,4,910,0,1971,0,1256 SW 146th St,Burien,WA 98166,USA
27/05/14 0:00,967500,3,3.75,3250,5797,2,0,2,4,2370,880,1951,1999,3041 37th Ave W,Seattle,WA 98199,USA
27/05/14 0:00,375000,3,1.5,2000,7294,1,0,0,3,1520,480,1965,1993,5230 S Rose St,Seattle,WA 98118,USA
27/05/14 0:00,1600000,3,3.25,3790,19000,2,0,4,3,3790,0,1985,0,17780 13th Ave NW,Seattle,WA 98177,USA
27/05/14 0:00,527500,3,1.75,2310,78844,1,0,0,3,1760,550,1977,2004,1950 NW Goode Pl,Issaquah,WA 98027,USA
27/05/14 0:00,994000,3,2.25,2510,6339,1.5,0,2,5,1810,700,1932,2002,3227 Whalley Pl W,Seattle,WA 98199,USA
27/05/14 0:00,313000,3,1.75,1320,6205,1,0,0,5,1320,0,1948,1985,15345 Stone Ave N,Shoreline,WA 98133,USA
27/05/14 0:00,587000,3,2.25,2370,217800,2,0,0,3,2370,0,1979,2014,3118 264th Ave NE,Redmond,WA 98053,USA
27/05/14 0:00,304000,3,1,900,7500,1,0,0,4,900,0,1972,0,7725 NE 143rd St,Kirkland,WA 98034,USA
27/05/14 0:00,675000,3,2.5,2540,7680,2,0,1,4,2540,0,1940,2001,12037 6th Ave NW,Seattle,WA 98177,USA
27/05/14 0:00,305000,4,1,2100,9288,1,0,0,4,1050,1050,1968,0,16423 126th Pl SE,Renton,WA 98058,USA
27/05/14 0:00,280000,3,1,1200,6250,1,0,0,3,920,280,1943,2002,10424 2nd Ave S,Seattle,WA 98168,USA
27/05/14 0:00,960000,5,4,3720,15200,2,0,0,3,3720,0,2005,0,1414 235th Pl SE,Sammamish,WA 98075,USA
27/05/14 0:00,500000,3,2.25,1760,4539,2,0,0,3,1760,0,1988,2000,3728 246th Ave SE,Issaquah,WA 98029,USA
27/05/14 0:00,274950,3,1.75,1670,7415,1,0,0,3,1320,350,1987,2000,16828 SE 251 St,Covington,WA 98042,USA
27/05/14 0:00,455600,3,2.5,2420,8252,2,0,0,3,2420,0,1998,2006,7000 Autumn Ave SE,Snoqualmie,WA 98065,USA
27/05/14 0:00,970000,5,3,3480,15185,2,0,0,4,3480,0,1964,0,3601-3733 Greenbrier Ln,Mercer Island,WA 98040,USA
27/05/14 0:00,312900,4,2.5,1630,4473,2,0,0,3,1630,0,2003,0,24506 SE 276th Ct,Maple Valley,WA 98038,USA
27/05/14 0:00,535000,4,2.5,2340,5600,2,0,0,3,2340,0,1921,2013,10207 37th Ave SW,Seattle,WA 98146,USA
27/05/14 0:00,427000,2,1,920,3780,1,0,0,3,920,0,1910,2006,807 N 42nd St,Seattle,WA 98103,USA
27/05/14 0:00,405000,2,1,910,6490,1,0,0,3,910,0,1942,1999,8221 21st Ave NE,Seattle,WA 98115,USA
27/05/14 0:00,480000,3,1,1150,4945,1,0,2,3,1150,0,1943,2002,4103 37th Ave SW,Seattle,WA 98126,USA
27/05/14 0:00,725000,3,1.5,2500,4774,1.5,0,2,3,1450,1050,1940,1996,4111 1st Ave NW,Seattle,WA 98107,USA
27/05/14 0:00,293000,4,2.5,3250,235063,1,0,2,3,3250,0,1973,2013,17101-17103 SE 383rd St,Auburn,WA 98092,USA
27/05/14 0:00,268000,4,2,1930,6600,1,0,0,4,1030,900,1967,0,13436 Occidental Ave S,Burien,WA 98168,USA
27/05/14 0:00,475000,4,3.5,3400,234352,2,0,0,3,2500,900,1991,0,19132 Beall Rd SW,Vashon,WA 98070,USA
27/05/14 0:00,488000,3,2.5,1590,2550,3,0,0,3,1590,0,1985,0,6601-6699 28th Ave NW,Seattle,WA 98117,USA
27/05/14 0:00,760000,4,2.5,3330,7399,2,0,0,3,3330,0,2009,0,14009 NE 85th Ct,Redmond,WA 98052,USA
27/05/14 0:00,1710000,5,4.5,4590,14685,2,0,0,3,4590,0,2009,0,6402-6412 105th Ave NE,Kirkland,WA 98033,USA
27/05/14 0:00,754950,3,2.5,2610,7256,2,0,0,3,2610,0,2014,0,12108 NE 106th Pl,Kirkland,WA 98033,USA
27/05/14 0:00,263900,3,2.5,1658,2700,2,0,0,3,1658,0,2014,0,2150 S 262nd Ct,Des Moines,WA 98198,USA
27/05/14 0:00,460000,3,3.5,1600,1431,2,0,0,3,1240,360,2006,0,7906 6th Ave NW,Seattle,WA 98117,USA
27/05/14 0:00,399950,3,3,1296,1051,3,0,0,3,1296,0,2009,0,12303 Sand Point Way NE,Seattle,WA 98125,USA
27/05/14 0:00,370000,2,2.25,1280,835,2,0,0,3,1080,200,2009,0,3825 S Angeline St,Seattle,WA 98118,USA
27/05/14 0:00,1149000,4,3,5940,11533,2,0,4,3,4950,990,2004,2003,6310 Fairway Pl SE,Snoqualmie,WA 98065,USA
27/05/14 0:00,450800,4,3.25,2510,5311,2,0,0,3,2510,0,2009,0,3617 NE 12th St,Renton,WA 98056,USA
27/05/14 0:00,627000,3,3.5,2710,3475,2,0,0,3,1650,1060,2005,0,Shangri-La Way NW,Issaquah,WA 98027,USA
27/05/14 0:00,495000,3,2.5,1750,1548,3,0,0,3,1750,0,2013,1923,3933 S Brandon St,Seattle,WA 98118,USA
28/05/14 0:00,310000,3,1,1430,19901,1.5,0,0,4,1430,0,1927,0,8308 NE 176th Pl,Kenmore,WA 98028,USA
28/05/14 0:00,550000,4,1,1660,34848,1,0,0,1,930,730,1933,0,6056 156th Ave NE,Redmond,WA 98052,USA
28/05/14 0:00,215000,2,1,1320,8865,1,0,0,4,1320,0,1943,0,2496-2598 S 121st St,Burien,WA 98168,USA
28/05/14 0:00,799000,4,3,2580,209523,2,0,0,3,2580,0,1984,0,24927 NE 108th St,Redmond,WA 98053,USA
28/05/14 0:00,630000,4,2.5,2740,43101,2,0,0,3,2740,0,1993,0,18808 215th Way NE,Woodinville,WA 98077,USA
28/05/14 0:00,267000,3,2.5,2495,4400,2,0,0,3,2495,0,2007,0,35039 41st Pl S,Federal Way,WA 98001,USA
28/05/14 0:00,900000,6,2.75,2300,24773,1.5,0,0,4,2300,0,1950,1985,2940 72nd Ave SE,Mercer Island,WA 98040,USA
28/05/14 0:00,365000,3,1.5,1300,12240,1,0,0,3,1300,0,1963,2008,7343 NE 150th St,Kenmore,WA 98028,USA
28/05/14 0:00,544500,4,2.5,2230,10414,1,0,0,5,1450,780,1974,0,3022 254th Ave SE,Issaquah,WA 98075,USA
28/05/14 0:00,599000,4,2.75,2020,2750,1,0,0,3,1010,1010,1917,2014,3212 E Terrace St,Seattle,WA 98122,USA
28/05/14 0:00,815000,4,2.25,2000,3800,2,0,0,3,2000,0,2001,0,7708 16th Ave NE,Seattle,WA 98115,USA
28/05/14 0:00,254000,2,1,1060,8187,1,0,0,4,1060,0,1952,0,16708 N Park Ave N,Shoreline,WA 98133,USA
28/05/14 0:00,740000,2,1.75,2080,4800,1,0,0,5,1080,1000,1923,0,333 NW 84th St,Seattle,WA 98117,USA
28/05/14 0:00,225000,3,2,2030,24829,1,0,0,4,1220,810,1979,0,36721 34th Ave S,Auburn,WA 98001,USA
28/05/14 0:00,925000,3,2.5,2690,7000,2,0,0,5,1840,850,1943,0,6825 48th Ave NE,Seattle,WA 98115,USA
28/05/14 0:00,1285000,4,2.5,3240,10800,1,0,0,3,2260,980,1946,0,5726 61st Ave NE,Seattle,WA 98105,USA
28/05/14 0:00,537000,3,2.5,1550,12920,2,0,0,5,1550,0,1999,0,11004 NE 108th St,Kirkland,WA 98033,USA
28/05/14 0:00,335000,4,2,1480,3132,1,0,0,5,740,740,1910,0,5840 16th Ave S,Seattle,WA 98108,USA
28/05/14 0:00,840000,4,2.75,3040,2800,2,0,0,3,2100,940,1906,2014,318 E Mercer St,Seattle,WA 98102,USA
28/05/14 0:00,224000,3,1.5,1560,7300,1,0,0,4,1040,520,1964,0,4205 S 288th Pl,Auburn,WA 98001,USA
28/05/14 0:00,395000,3,2.5,2250,3757,2,0,0,3,2250,0,2006,0,6730 SE 5th St,Renton,WA 98059,USA
28/05/14 0:00,450000,3,1,1100,4600,1,0,0,3,1100,0,1917,2009,3920 42nd Ave SW,Seattle,WA 98116,USA
28/05/14 0:00,681000,3,1,1700,6356,1.5,0,0,3,1700,0,1907,1983,4001 42nd Ave S,Seattle,WA 98118,USA
28/05/14 0:00,898000,5,1.5,2680,28014,1,0,0,4,1450,1230,1963,0,2615 109th Pl NE,Bellevue,WA 98004,USA
28/05/14 0:00,370000,3,1,800,2296,1,0,0,4,800,0,1908,0,125 N Bowdoin Pl,Seattle,WA 98103,USA
28/05/14 0:00,429000,2,1.75,1350,6315,1,0,0,3,1350,0,2005,0,23039 NE 130th St,Redmond,WA 98053,USA
28/05/14 0:00,150000,3,1,820,7680,1.5,0,0,3,820,0,1910,2006,8408 20th Ave SW,Seattle,WA 98106,USA
28/05/14 0:00,555000,3,2.5,3160,4270,2,0,0,3,2650,510,2006,0,11131 NE 162nd St,Bothell,WA 98011,USA
28/05/14 0:00,326000,3,2.75,1720,28000,1,0,0,4,1720,0,1958,1972,18401 124th Ave SE,Renton,WA 98058,USA
28/05/14 0:00,225000,3,2.5,1680,6755,2,0,0,3,1680,0,1994,0,30410 128th Pl SE,Auburn,WA 98092,USA
28/05/14 0:00,245100,3,1.75,1300,7958,1,0,0,3,1300,0,1996,0,11022 SE 319th Ct,Auburn,WA 98092,USA
28/05/14 0:00,665000,3,2.5,2190,10370,2,0,0,3,2190,0,1987,2000,1345 232nd Pl NE,Sammamish,WA 98074,USA
28/05/14 0:00,535000,3,2.5,1720,4006,2,0,0,3,1720,0,1994,0,4228 249th Ct SE,Issaquah,WA 98029,USA
28/05/14 0:00,305000,3,1,1160,11776,1,0,0,3,1160,0,1968,1997,15803 197th Pl NE,Woodinville,WA 98077,USA
28/05/14 0:00,999000,7,4,3150,34830,1,0,0,3,3150,0,1957,2005,714 145th Ave SE,Bellevue,WA 98007,USA
28/05/14 0:00,215000,3,1.75,1210,8075,1,0,0,4,1210,0,1983,0,127 Chicago Blvd S,Pacific,WA 98047,USA
28/05/14 0:00,432500,3,1.75,1980,5100,1,0,0,3,1270,710,1965,1993,8516 Linden Ave N,Seattle,WA 98103,USA
28/05/14 0:00,655000,4,2.5,2990,5669,2,0,0,3,2990,0,2003,0,225 246th Ct NE,Sammamish,WA 98074,USA
28/05/14 0:00,266200,3,1.5,1430,9600,1,0,0,4,1430,0,1966,0,14217 SE 144th St,Renton,WA 98059,USA
28/05/14 0:00,244615,3,2.5,2060,4030,2,0,0,3,2060,0,1999,0,921 4th Ave N,Kent,WA 98032,USA
28/05/14 0:00,460000,4,3,2230,52983,2,0,0,3,2230,0,1991,0,27209 110th Ave SE,Kent,WA 98030,USA
28/05/14 0:00,370000,4,2.5,3090,18645,2,0,0,3,3090,0,1995,0,34711 5th Ave SW,Federal Way,WA 98023,USA
28/05/14 0:00,465000,6,3.25,4250,23326,1,0,3,3,2150,2100,1967,2011,29211 7th Pl S,Federal Way,WA 98003,USA
28/05/14 0:00,1175000,3,2.5,1970,23180,1,1,4,3,1100,870,1937,1998,5923 Beach Dr SW,Seattle,WA 98136,USA
28/05/14 0:00,189000,2,2,1700,3171,1,0,0,5,850,850,1927,0,508 D St SE,Auburn,WA 98002,USA
28/05/14 0:00,820000,3,2.5,2510,5503,2,0,2,3,2510,0,1995,0,6736 40th Ave SW,Seattle,WA 98136,USA
28/05/14 0:00,968000,6,2.75,3610,17580,1,0,4,5,2070,1540,1959,0,20303 SE 40th St,Sammamish,WA 98075,USA
28/05/14 0:00,1400000,4,3.25,2980,7000,2,0,3,3,2140,840,1900,2014,3115 S Norman St,Seattle,WA 98144,USA
28/05/14 0:00,438750,3,1.75,1610,6480,1,0,0,4,1610,0,1947,1988,2003 NE 117th St,Seattle,WA 98125,USA
28/05/14 0:00,1210000,4,2.75,3650,6982,2,0,2,4,2530,1120,1951,2003,4911 NE 65th St,Seattle,WA 98115,USA
28/05/14 0:00,600000,4,2,2510,38141,1,0,0,3,2510,0,1960,2012,13507 62nd Ave NE,Kirkland,WA 98034,USA
28/05/14 0:00,589000,3,1,1110,6000,1.5,0,0,5,1110,0,1932,2002,3228 36th Ave W,Seattle,WA 98199,USA
28/05/14 0:00,590000,3,2,1650,6150,2,0,0,4,1650,0,1926,1993,3627 48th Ave SW,Seattle,WA 98116,USA
28/05/14 0:00,479900,3,2,1980,12150,1,0,0,3,1980,0,1994,0,26272 142nd Ave SE,Kent,WA 98042,USA
28/05/14 0:00,210000,2,1.5,880,1157,2,0,0,3,880,0,2007,0,9413 34th Ave SW,Seattle,WA 98126,USA
28/05/14 0:00,745000,3,1.75,1490,9800,1,0,0,4,1140,350,1947,1988,10637 SE 29th St,Beaux Arts Village,WA 98004,USA
28/05/14 0:00,840500,3,2,2520,5400,1.5,0,0,4,1410,1110,1906,1990,1917 3rd Ave W,Seattle,WA 98119,USA
28/05/14 0:00,420000,3,1.75,1820,22320,1,0,0,3,1250,570,1977,2004,4031 W Ames Lake Dr NE,Redmond,WA 98053,USA
28/05/14 0:00,565000,7,4.5,4140,9066,1,0,0,3,2070,2070,1978,0,14007 35th Ave NE,Seattle,WA 98125,USA
28/05/14 0:00,840000,4,2.5,3420,8405,2,0,0,3,3420,0,2000,0,20525 NE 26th St,Sammamish,WA 98074,USA
28/05/14 0:00,681716,4,2.5,3150,7277,2,0,0,3,3150,0,2006,0,1224 N 27th Pl,Renton,WA 98056,USA
28/05/14 0:00,600000,3,1.75,1580,7416,1,0,0,3,1150,430,1967,2011,12501 SE 4th Pl,Bellevue,WA 98005,USA
28/05/14 0:00,380000,3,2,1660,8281,1,0,0,3,1660,0,1949,1998,5021 Fauntleroy Way SW,Seattle,WA 98136,USA
28/05/14 0:00,168500,3,1,1100,10125,1,0,0,3,1100,0,1969,2010,17458 SE 262nd St,Covington,WA 98042,USA
28/05/14 0:00,355000,2,1,1270,3200,1,0,0,4,960,310,1920,0,4038 Linden Ave N,Seattle,WA 98103,USA
28/05/14 0:00,277000,4,1,1450,6250,1,0,0,3,990,460,1964,2000,10020 18th Ave SW,Seattle,WA 98146,USA
28/05/14 0:00,236000,4,2.25,1830,9485,1,0,0,4,1200,630,1989,0,4235 SW 337th Pl,Federal Way,WA 98023,USA
28/05/14 0:00,270000,3,1.75,1300,4127,1,0,0,4,650,650,1918,1953,1309 SW Webster St,Seattle,WA 98106,USA
28/05/14 0:00,700000,2,1.75,2320,5500,1.5,0,2,3,1720,600,1925,2000,1903 32nd Ave S,Seattle,WA 98144,USA
28/05/14 0:00,425000,4,2.75,1680,9545,1,0,0,4,1080,600,1979,0,7220 NE 152nd Pl,Kenmore,WA 98028,USA
28/05/14 0:00,635000,3,2.5,2300,5500,1.5,0,0,4,2000,300,1921,0,2739 31st Ave S,Seattle,WA 98144,USA
28/05/14 0:00,510250,3,1.75,1400,4000,1,0,0,3,870,530,1951,1994,8520 19th Ave NW,Seattle,WA 98117,USA
28/05/14 0:00,960000,4,2.25,2410,4560,2,0,2,5,1800,610,1929,0,7006 35th Ave NW,Seattle,WA 98117,USA
28/05/14 0:00,254000,3,2,1480,7480,1,0,0,4,1480,0,1992,0,21438 SE 277th St,Maple Valley,WA 98038,USA
28/05/14 0:00,299000,3,1,1390,9624,1.5,0,0,4,1390,0,1954,1979,2544 NE 203rd St,Shoreline,WA 98155,USA
28/05/14 0:00,175000,2,1,830,2699,1,0,0,3,830,0,1996,0,22775 SE 242nd Pl,Maple Valley,WA 98038,USA
28/05/14 0:00,157500,2,1,740,9003,1,0,0,3,740,0,1949,1998,20206-20212 108th Ave SE,Kent,WA 98031,USA
28/05/14 0:00,580000,5,2,1940,6000,1,0,0,5,970,970,1945,0,8026 38th Ave NE,Seattle,WA 98115,USA
28/05/14 0:00,124740,3,1,1340,15600,1,0,0,4,1340,0,1978,2000,31118 149th Ave SE,Kent,WA 98042,USA
28/05/14 0:00,1970000,8,3.5,4440,6480,2,0,3,5,3140,1300,1959,0,1210 22nd Ave E,Seattle,WA 98112,USA
28/05/14 0:00,285000,2,1,800,6240,1,0,0,3,800,0,1954,2005,13332 30th Ave NE,Seattle,WA 98125,USA
28/05/14 0:00,242000,3,1.75,1310,9645,1,0,0,3,1310,0,1979,2014,21860 Military Rd S,SeaTac,WA 98198,USA
28/05/14 0:00,840000,4,1.75,2330,4000,2,0,0,5,1300,1030,1924,1956,5036 36th Ave NE,Seattle,WA 98105,USA
28/05/14 0:00,474800,2,3.25,1400,1243,3,0,0,3,1400,0,2000,0,3648 Francis Ave N,Seattle,WA 98103,USA
28/05/14 0:00,490000,4,2.5,2360,4367,2,0,0,3,2360,0,2003,0,12977 NE 201st St,Woodinville,WA 98072,USA
28/05/14 0:00,465000,3,2.25,1840,5752,2,0,0,3,1840,0,2003,0,11526 NE 116th St,Kirkland,WA 98034,USA
28/05/14 0:00,515000,4,2.5,2680,7178,2,0,0,3,2680,0,2004,2003,36231 SE Isley St,Snoqualmie,WA 98065,USA
28/05/14 0:00,430000,3,3.75,3890,7140,1,0,2,3,2390,1500,1943,2007,10631 Forest Ave S,Seattle,WA 98178,USA
28/05/14 0:00,253400,3,2,1400,8640,1,0,0,5,1400,0,1968,0,1033 S 316th St,Federal Way,WA 98003,USA
28/05/14 0:00,355000,3,2.5,2400,9701,1,0,0,3,2400,0,1990,2009,4621 SW 327th Pl,Federal Way,WA 98023,USA
28/05/14 0:00,740000,4,2.25,2920,46355,2,0,0,4,2920,0,1998,0,28412 SE 43rd St,Fall City,WA 98024,USA
28/05/14 0:00,186950,2,2,1390,1302,2,0,0,3,1390,0,1986,0,312 S 328th Ln,Federal Way,WA 98003,USA
28/05/14 0:00,306000,3,2.5,1680,11193,2,0,0,3,1680,0,1984,0,16084 SE 172nd Pl,Renton,WA 98058,USA
28/05/14 0:00,510000,4,1.5,2040,8800,1,0,0,4,1020,1020,1961,2001,1518 150th Ave SE,Bellevue,WA 98007,USA
28/05/14 0:00,345000,2,1,1080,4000,1,0,0,3,1080,0,1940,1996,8351 Jones Ave NW,Seattle,WA 98117,USA
28/05/14 0:00,875000,3,2.75,2280,4280,1,0,0,5,1280,1000,1917,0,1829 N 55th St,Seattle,WA 98103,USA
28/05/14 0:00,700000,4,3.5,4490,5099,2,0,0,3,3390,1100,2006,0,6818 Pinehurst Ave SE,Snoqualmie,WA 98065,USA
28/05/14 0:00,1400000,4,3.25,4700,9160,1,0,4,3,2520,2180,2005,0,5700-5798 SW Hinds St,Seattle,WA 98116,USA
28/05/14 0:00,499950,4,2.5,2798,4473,2,0,0,3,2798,0,2012,1912,19296-19336 102nd Ave SE,Renton,WA 98055,USA
28/05/14 0:00,739000,3,2.5,2810,5400,2,0,0,3,2810,0,2005,0,11814 167th Pl NE,Redmond,WA 98052,USA
28/05/14 0:00,363000,4,2.5,3753,7204,2,0,0,3,3336,417,2008,0,33415 41st Ave SW,Federal Way,WA 98023,USA
28/05/14 0:00,782000,4,3.5,3910,8095,2,0,0,3,3130,780,2007,0,4801-4999 229th Ave SE,Issaquah,WA 98029,USA
28/05/14 0:00,325000,2,2.5,1050,1609,2,0,0,3,1050,0,2005,0,1505 S Plum St,Seattle,WA 98144,USA
29/05/14 0:00,485000,4,1,1600,4300,1.5,0,0,4,1600,0,1916,0,1215 N 50th St,Seattle,WA 98103,USA
29/05/14 0:00,452000,4,2.25,2590,10002,1,0,0,4,1340,1250,1968,0,19311 59th Pl NE,Kenmore,WA 98028,USA
29/05/14 0:00,264950,4,2.25,1720,9753,1,0,0,4,1120,600,1978,2000,34434 30th Ave SW,Federal Way,WA 98023,USA
29/05/14 0:00,472000,6,2.5,4410,14034,1,0,2,4,2350,2060,1965,0,806 S 295th Pl,Federal Way,WA 98003,USA
29/05/14 0:00,267500,3,1.75,1590,11914,1,0,2,3,1090,500,1957,2000,17904 Military Rd S,SeaTac,WA 98188,USA
29/05/14 0:00,565000,4,2.5,2440,22594,2,0,0,3,2440,0,1996,0,2525 276th Ct NE,Redmond,WA 98053,USA
29/05/14 0:00,535000,3,2.5,1360,1016,3,0,0,3,1310,50,2003,0,501 NE Ravenna Blvd,Seattle,WA 98115,USA
29/05/14 0:00,389000,2,1,910,7000,1,0,0,3,910,0,1952,2008,2043 NE 98th St,Seattle,WA 98115,USA
29/05/14 0:00,400000,4,1.5,1390,7200,1,0,0,3,1140,250,1965,1993,2150 N 128th St,Seattle,WA 98133,USA
29/05/14 0:00,264000,3,1.5,1470,14821,1,0,0,4,1470,0,1958,1972,14435 SE 263rd St,Kent,WA 98042,USA
29/05/14 0:00,690000,4,2.5,2920,9904,2,0,0,4,2920,0,1990,0,25919 SE 37th Way,Issaquah,WA 98029,USA
29/05/14 0:00,412000,3,1.75,1950,52256,1,0,0,4,1950,0,1985,0,32119 199th Ave SE,Kent,WA 98042,USA
29/05/14 0:00,695000,3,2.5,2390,4555,2,0,0,3,2390,0,2006,0,1118 235th Pl NE,Sammamish,WA 98074,USA
29/05/14 0:00,246500,3,1.5,1270,11600,1,0,0,4,1270,0,1964,0,10804 SE 218th St,Kent,WA 98031,USA
29/05/14 0:00,230000,2,1,950,7560,1,0,0,3,950,0,1958,2004,17018 124th Ave SE,Renton,WA 98058,USA
29/05/14 0:00,302000,2,1,900,423838,1,0,2,5,900,0,1925,0,18923 SE 416th St,Enumclaw,WA 98022,USA
29/05/14 0:00,820000,4,2.25,2280,6660,1.5,0,2,3,1960,320,1940,1984,811 W Bertona St,Seattle,WA 98119,USA
29/05/14 0:00,145000,3,1,1010,5490,1,0,0,3,1010,0,1954,2005,14056 31st Ave S,SeaTac,WA 98168,USA
29/05/14 0:00,436500,2,1,1260,5000,1,0,0,3,1040,220,1951,1994,3028 NW 68th St,Seattle,WA 98117,USA
29/05/14 0:00,2453500,4,3.5,4730,13586,1.5,0,0,5,4270,460,1935,0,1404 Broadmoor Dr E,Seattle,WA 98112,USA
29/05/14 0:00,672000,3,2.5,2620,21587,2,0,0,3,2620,0,1992,0,3249 E Ames Lake Dr NE,Redmond,WA 98053,USA
29/05/14 0:00,680000,3,2.25,2330,4000,1.5,0,2,5,1520,810,1927,0,6032 35th Ave NE,Seattle,WA 98115,USA
29/05/14 0:00,750500,5,3,2170,2440,1.5,0,0,4,1450,720,1911,1966,1006 NE Ravenna Blvd,Seattle,WA 98105,USA
29/05/14 0:00,550000,5,2,2450,9488,1,0,0,4,1240,1210,1900,1955,10515 Ashworth Ave N,Seattle,WA 98133,USA
29/05/14 0:00,266500,4,1.75,1880,7632,1,0,0,4,1180,700,1978,2000,32740-32998 30th Ave SW,Federal Way,WA 98023,USA
29/05/14 0:00,619000,4,2,2300,3400,1.5,0,0,5,1550,750,1915,0,308 NW 67th St,Seattle,WA 98117,USA
29/05/14 0:00,405000,3,2,1240,14404,1,0,0,3,1240,0,1988,2000,6019 210th Ave NE,Redmond,WA 98053,USA
29/05/14 0:00,300000,2,1,820,3844,1,0,0,4,820,0,1916,0,723 N 105th St,Seattle,WA 98133,USA
29/05/14 0:00,231000,4,2,1530,6375,2,0,0,3,1530,0,1942,1983,14904 133rd Ave SE,Renton,WA 98058,USA
29/05/14 0:00,790000,5,3.25,2900,12160,1,0,0,4,1890,1010,1967,0,465 129th Pl NE,Bellevue,WA 98005,USA
29/05/14 0:00,400000,4,2.75,1240,3867,1,0,0,3,800,440,1987,2000,12001 Bartlett Ave NE,Seattle,WA 98125,USA
29/05/14 0:00,950000,4,3.5,4140,13392,2,0,0,3,4140,0,2000,0,8507 146th Pl SE,Newcastle,WA 98059,USA
29/05/14 0:00,450000,4,2,2240,7725,1,0,0,5,1120,1120,1956,0,2503 SW Portland Ct,Seattle,WA 98106,USA
29/05/14 0:00,595000,3,2,1480,5000,1,0,0,4,750,730,1928,0,7728 11th Ave NW,Seattle,WA 98117,USA
29/05/14 0:00,332000,3,2.25,2270,8876,1,0,0,3,1380,890,1977,2004,3109 SE 17th Ct,Renton,WA 98058,USA
29/05/14 0:00,155000,3,1,1250,6250,1,0,0,2,1030,220,1949,0,8215 8th Ave S,Seattle,WA 98108,USA
29/05/14 0:00,400000,5,2,1930,9747,1,0,0,4,1020,910,1962,0,20210 78th Pl NE,Kenmore,WA 98028,USA
29/05/14 0:00,349000,4,1.75,1700,7800,1,0,0,5,1120,580,1981,0,4518 SE 4th St,Renton,WA 98059,USA
29/05/14 0:00,529000,3,1,1590,6420,1,0,0,3,1590,0,1944,0,4531 SW Webster St,Seattle,WA 98136,USA
29/05/14 0:00,405000,5,1.75,1880,10000,1,0,0,3,960,920,1963,2008,10414 NE 131st St,Kirkland,WA 98034,USA
29/05/14 0:00,635200,4,1.75,1640,4240,1,0,0,5,920,720,1921,0,6517 Dibble Ave NW,Seattle,WA 98117,USA
29/05/14 0:00,540000,3,1.5,2600,5085,1,0,0,4,1400,1200,1940,2001,4118 35th Ave SW,Seattle,WA 98126,USA
29/05/14 0:00,402000,2,1,710,1173,2,0,0,4,710,0,1943,0,2348 Fairview Ave E,Seattle,WA 98102,USA
29/05/14 0:00,3100000,6,4.25,6980,15682,3,0,4,4,5330,1650,1999,0,5243 Forest Ave SE,Mercer Island,WA 98040,USA
29/05/14 0:00,329932,3,1.5,1460,5040,1,0,0,3,1100,360,1971,0,11221 Palatine Ave N,Seattle,WA 98133,USA
29/05/14 0:00,300000,3,2.5,2080,9827,2,0,0,3,2080,0,1989,0,4815 SW 330th Ct,Federal Way,WA 98023,USA
29/05/14 0:00,525000,5,2.5,2630,9216,2,0,0,3,2630,0,2003,0,27831 NE 153rd Pl,Duvall,WA 98019,USA
29/05/14 0:00,2750000,4,3.25,4430,21000,2,0,0,3,4430,0,1952,2007,3239 78th Pl NE,Medina,WA 98039,USA
29/05/14 0:00,602500,4,2.5,2760,6850,2,0,0,3,2760,0,1999,0,7606 116th Ave SE,Newcastle,WA 98056,USA
29/05/14 0:00,400000,4,2,1670,12056,1,0,0,3,1670,0,1955,2005,7221 NE 156th St,Kenmore,WA 98028,USA
29/05/14 0:00,445000,4,1.75,1990,4725,1.5,0,0,4,1190,800,1944,0,3713 SW Sullivan St,Seattle,WA 98126,USA
29/05/14 0:00,525000,3,3,2600,5238,1.5,0,3,3,1890,710,1989,0,28624 6th Pl S,Des Moines,WA 98198,USA
29/05/14 0:00,395000,2,1,1320,1824,1.5,0,0,4,1320,0,1909,1989,2000 30th Ave S,Seattle,WA 98144,USA
29/05/14 0:00,510000,3,1.5,2240,3800,2,0,0,3,1370,870,1929,0,8205 20th Ave NE,Seattle,WA 98115,USA
29/05/14 0:00,723000,4,2.25,1960,8680,1,0,0,4,1290,670,1959,0,233 111th Ave SE,Bellevue,WA 98004,USA
29/05/14 0:00,503000,3,2,2590,108900,2,0,0,3,1980,610,1988,2000,21409 SE 215th St,Maple Valley,WA 98038,USA
29/05/14 0:00,672500,4,2.75,2620,6707,2,0,0,3,2620,0,2000,0,22615 SE 14th Pl,Sammamish,WA 98075,USA
29/05/14 0:00,860000,3,2.5,2770,9136,2,0,0,3,2770,0,1991,0,17012 SE 47th Way,Bellevue,WA 98006,USA
29/05/14 0:00,475300,3,1,2110,10005,1,0,0,5,1110,1000,1924,1956,9719 130th Ave NE,Kirkland,WA 98033,USA
29/05/14 0:00,295000,4,2.5,2290,4539,2,0,0,3,2290,0,2001,0,530 Olympia Ave SE,Renton,WA 98058,USA
29/05/14 0:00,1425000,4,4.25,4960,6000,2.5,0,0,3,3680,1280,1909,2003,2611 1st Ave N,Seattle,WA 98109,USA
29/05/14 0:00,250000,2,1,1110,26051,1,0,0,3,1110,0,1951,1994,3218 S 148th St,SeaTac,WA 98168,USA
29/05/14 0:00,658000,4,2.75,3310,6166,2,0,0,3,3310,0,2008,0,8830 McIntosh Ct SE,Snoqualmie,WA 98065,USA
29/05/14 0:00,83000,2,1,900,8580,1,0,0,3,900,0,1918,0,14440 51st Ave S,Tukwila,WA 98168,USA
29/05/14 0:00,685000,3,1.75,1940,7313,1,0,1,4,1440,500,1960,2001,8750 Fauntlee Crest SW,Seattle,WA 98136,USA
29/05/14 0:00,210000,3,1.75,1590,7617,2,0,0,3,1590,0,1986,0,1626 S 245th Pl,Des Moines,WA 98198,USA
29/05/14 0:00,650880,3,2.5,2930,6050,2,0,0,3,2930,0,2008,0,34303 Elm Ave SE,Snoqualmie,WA 98065,USA
29/05/14 0:00,350000,4,2.5,2040,22653,2,0,0,3,2040,0,2011,0,2471 S 116th Way,Seattle,WA 98168,USA
29/05/14 0:00,305000,2,2.25,1000,905,3,0,0,3,1000,0,2006,0,7534 24th Ave NW,Seattle,WA 98117,USA
29/05/14 0:00,645000,3,3.25,1730,1229,2,0,2,3,1320,410,2008,0,1949-1953 9th Ave W,Seattle,WA 98119,USA
30/05/14 0:00,385000,3,1,1220,4800,1,0,0,3,1220,0,1901,0,1915 E Marion St,Seattle,WA 98122,USA
30/05/14 0:00,860000,3,2.25,3060,12095,2,0,0,3,3060,0,1983,2009,4651 175th Ave SE,Bellevue,WA 98006,USA
30/05/14 0:00,395000,4,2.5,2910,5000,2,0,0,3,2910,0,2002,0,24923 161st Pl SE,Covington,WA 98042,USA
30/05/14 0:00,260000,3,1.75,1050,5850,1,0,0,3,1050,0,1980,0,16241 19th Ave SW,Burien,WA 98166,USA
30/05/14 0:00,196440,3,2,1560,7352,1,0,0,3,1560,0,1992,0,130 Main St,Algona,WA 98001,USA
30/05/14 0:00,425000,3,1.75,1680,3000,1,0,2,4,840,840,1900,1971,927 N 79th St,Seattle,WA 98103,USA
30/05/14 0:00,2400000,4,3.25,4140,20734,1,0,1,3,3300,840,1977,2005,9415 NE 27th St,Clyde Hill,WA 98004,USA
30/05/14 0:00,369000,3,2,1550,8509,1,0,0,3,1150,400,1959,1989,8102 7th Ave SW,Seattle,WA 98106,USA
30/05/14 0:00,1385000,6,2.75,5700,20000,1,0,4,4,2850,2850,1977,0,4600-4748 136th Ave SE,Bellevue,WA 98006,USA
30/05/14 0:00,349900,3,2.5,2200,7278,2,0,0,3,2200,0,1990,2009,15637 156th Pl SE,Renton,WA 98058,USA
30/05/14 0:00,650000,2,2.5,1740,2500,2,0,2,3,1210,530,1994,0,319 25th Ave E,Seattle,WA 98112,USA
30/05/14 0:00,299950,3,1,1210,9525,1,0,0,3,1210,0,1955,2005,8430 8th Ave SW,Seattle,WA 98106,USA
30/05/14 0:00,625000,4,3.25,4240,25639,2,0,3,3,3550,690,1989,0,30924 36th Ave SW,Federal Way,WA 98023,USA
30/05/14 0:00,190000,3,2.25,1590,11745,1,0,0,3,1090,500,1978,0,27523-27527 43rd Ave S,Auburn,WA 98001,USA
30/05/14 0:00,715000,4,1.75,3420,7200,1,0,3,5,1770,1650,1947,0,10718 Exeter Ave NE,Seattle,WA 98125,USA
30/05/14 0:00,659000,4,2.5,3190,11375,1,0,0,5,2210,980,1946,0,10326 Fischer Pl NE,Seattle,WA 98125,USA
30/05/14 0:00,490000,3,1.75,1920,5405,1,0,2,4,960,960,1947,1988,4832 38th Ave SW,Seattle,WA 98126,USA
30/05/14 0:00,415000,2,1.75,1340,4664,1,0,0,3,1340,0,2004,2003,13283 228th Pl NE,Redmond,WA 98053,USA
30/05/14 0:00,750000,3,1.75,1700,8400,1,0,0,3,1460,240,1947,2012,3621 45th Ave W,Seattle,WA 98199,USA
30/05/14 0:00,700000,4,2.5,2310,3570,1.5,0,0,3,1490,820,1927,2014,8216 Linden Ave N,Seattle,WA 98103,USA
30/05/14 0:00,425000,3,1.75,1510,44000,1,0,0,3,1240,270,1989,0,12629 468th Ave SE,North Bend,WA 98045,USA
30/05/14 0:00,642000,3,2.5,2670,10082,1,0,0,3,2670,0,1987,2000,2834 220th Pl NE,Sammamish,WA 98074,USA
30/05/14 0:00,655000,4,2.25,2060,8470,1,0,0,3,1440,620,1983,2009,4730 162nd Ct SE,Bellevue,WA 98006,USA
30/05/14 0:00,1365000,3,2.5,2090,6000,1.5,0,0,4,2090,0,1928,0,3832 43rd Ave NE,Seattle,WA 98105,USA
30/05/14 0:00,458000,5,2.5,3090,23265,1,0,0,3,2990,100,1957,2000,9631 NE 198th St,Bothell,WA 98011,USA
30/05/14 0:00,330000,2,2.5,1240,1546,2,0,0,3,1240,0,2007,0,4346 28th Ave S,Seattle,WA 98108,USA
30/05/14 0:00,384950,3,2.5,1860,3690,2,0,0,3,1860,0,2000,0,7556 NE 203rd St,Kenmore,WA 98028,USA
30/05/14 0:00,560000,3,1.5,2000,7350,1,0,0,3,2000,0,1953,0,10605 9th Ave NW,Seattle,WA 98177,USA
30/05/14 0:00,950000,4,1.75,2500,92347,1,0,0,4,1500,1000,1970,0,7615 E Mercer Way,Mercer Island,WA 98040,USA
30/05/14 0:00,465000,4,2.25,1820,20349,1,0,0,5,1340,480,1977,0,15812 182nd Ave NE,Woodinville,WA 98072,USA
30/05/14 0:00,425000,3,2.25,1820,8058,1,0,0,3,1260,560,1974,0,13807 129th Pl NE,Kirkland,WA 98034,USA
30/05/14 0:00,315000,3,2,1060,5750,1,0,0,3,1060,0,1981,2013,5452 31st Ave SW,Seattle,WA 98126,USA
30/05/14 0:00,530000,3,2.5,1950,9906,2,0,0,3,1950,0,1988,2000,23438 NE 29th Pl,Sammamish,WA 98074,USA
30/05/14 0:00,399000,2,1,940,4800,1,0,0,4,940,0,1911,1955,3209 63rd Ave SW,Seattle,WA 98116,USA
30/05/14 0:00,168000,2,1.5,1220,3568,1.5,0,0,4,1220,0,1976,1992,24709 13th Ave S,Des Moines,WA 98198,USA
30/05/14 0:00,1886700,5,3.5,4180,17935,2,0,0,3,4180,0,2004,2003,2526 104th Ave SE,Bellevue,WA 98004,USA
30/05/14 0:00,374000,3,1,1200,9800,1,0,0,4,1200,0,1971,0,15616 173rd Ave NE,Woodinville,WA 98072,USA
30/05/14 0:00,740000,5,3.75,3990,18897,2,0,0,3,3090,900,1937,2010,1714 NE Brockman Pl,Seattle,WA 98125,USA
30/05/14 0:00,280000,2,1,1880,7560,1,0,0,3,940,940,1919,2001,8611 32nd Ave SW,Seattle,WA 98126,USA
30/05/14 0:00,322000,4,2.5,2280,7200,2,0,0,3,2280,0,1994,0,10012 SE 244th Ct,Kent,WA 98030,USA
30/05/14 0:00,459900,3,1.75,2580,11000,1,0,0,4,1290,1290,1951,1999,4525 119th Ave SE,Bellevue,WA 98006,USA
30/05/14 0:00,750000,4,2.75,2600,4674,1,0,0,3,1560,1040,1976,0,6820 39th Ave NE,Seattle,WA 98115,USA
30/05/14 0:00,1256500,4,2.5,3150,13700,2,0,0,4,3150,0,1966,0,8551 SE 80th St,Mercer Island,WA 98040,USA
30/05/14 0:00,3710000,4,3.5,5550,28078,2,0,2,4,3350,2200,2000,0,3222 78th Pl NE,Medina,WA 98039,USA
30/05/14 0:00,427000,5,2.75,2220,4000,1,0,0,3,1230,990,1973,2013,3112 21st Ave S,Seattle,WA 98144,USA
30/05/14 0:00,800000,2,2.25,1730,31491,2,1,2,4,1730,0,1947,1988,10060 SW Dock St,Vashon,WA 98070,USA
30/05/14 0:00,735000,4,3,2840,4120,1.5,0,0,4,2060,780,1931,0,3849 Cascadia Ave S,Seattle,WA 98118,USA
30/05/14 0:00,642000,4,2.5,2560,8780,2,0,0,3,2560,0,1992,0,3964 262nd Ave SE,Issaquah,WA 98029,USA
30/05/14 0:00,240000,3,2,1330,6000,1,0,0,4,630,700,1900,1971,527 S Donovan St,Seattle,WA 98108,USA
30/05/14 0:00,645500,2,1,1890,5202,1.5,0,0,4,1890,0,1909,1989,6723 17th Ave NW,Seattle,WA 98117,USA
30/05/14 0:00,840000,7,4.5,4290,37607,1.5,0,0,5,4290,0,1982,0,13527 231st Pl SE,Issaquah,WA 98027,USA
30/05/14 0:00,475000,2,2,1540,54450,2,0,0,3,1540,0,1983,2009,3304 288th Ave NE,Redmond,WA 98053,USA
30/05/14 0:00,568000,4,2,2340,50233,1,0,0,4,1170,1170,1966,0,2202 238th Ave SE,Sammamish,WA 98075,USA
30/05/14 0:00,325000,3,1.75,2180,10230,1,0,0,4,1090,1090,1961,2001,9670 41st Ave S,Seattle,WA 98118,USA
30/05/14 0:00,825500,3,2.5,2780,11964,2,0,0,3,2780,0,2009,0,12449 94th Ave NE,Kirkland,WA 98034,USA
30/05/14 0:00,499431,4,2.75,2620,6019,2,0,0,3,2620,0,2013,1923,1107 SE 10th St,North Bend,WA 98045,USA
30/05/14 0:00,919204,4,3.5,3760,5000,2,0,0,3,2860,900,2014,0,2822 NW 74th St,Seattle,WA 98117,USA
30/05/14 0:00,545000,4,2.5,2720,4738,2,0,0,3,2720,0,2012,1912,35229 SE Terrace St,Snoqualmie,WA 98065,USA
31/05/14 0:00,660000,3,2.25,2675,40910,2,0,0,3,2675,0,1984,0,21311 SE 20th St,Sammamish,WA 98075,USA
31/05/14 0:00,538888,5,2.75,2080,13189,2,0,0,3,2080,0,1987,2000,23022 NE 21st St,Sammamish,WA 98074,USA
31/05/14 0:00,693000,3,2.5,2460,12028,2,0,0,3,2460,0,1996,0,Valley View Trail,Redmond,WA 98052,USA
31/05/14 0:00,289950,3,2.5,1960,3480,2,0,0,3,1960,0,2004,2003,2826 Access Rd,Renton,WA 98056,USA
31/05/14 0:00,587000,4,2.5,2550,6256,2,0,0,3,2550,0,1992,0,13013 NE 202nd Pl,Woodinville,WA 98072,USA
31/05/14 0:00,615000,3,2.25,1760,1146,3,0,0,3,1760,0,2014,0,601 22nd Ave,Seattle,WA 98122,USA
01/06/14 0:00,459000,3,1.75,1620,7330,1,0,0,4,1090,530,1974,0,9607 NE 128th St,Kirkland,WA 98034,USA
01/06/14 0:00,243000,3,1.75,1790,12000,1,0,0,3,1040,750,1960,2012,23042 16th Ave S,Des Moines,WA 98198,USA
01/06/14 0:00,1505000,4,3.5,3480,7232,2,0,0,3,2580,900,1926,2010,1905 33rd Ave S,Seattle,WA 98144,USA
01/06/14 0:00,660000,4,1.75,2780,9900,2,0,0,4,2780,0,1978,2000,20850 NE 26th Pl,Sammamish,WA 98074,USA
01/06/14 0:00,1595000,5,3,3640,8239,2,0,3,3,2540,1100,1982,0,17200 SE 29th Ct,Bellevue,WA 98008,USA
01/06/14 0:00,250000,1,1,750,4000,1,0,0,3,750,0,1918,0,4356 SW Concord St,Seattle,WA 98136,USA
02/06/14 0:00,315000,3,1,960,6634,1,0,0,3,960,0,1952,2008,1715 NE 135th St,Seattle,WA 98125,USA
02/06/14 0:00,404000,3,1.5,2030,8880,1,0,0,3,1330,700,1963,2008,4915 17th Ave S,Seattle,WA 98108,USA
02/06/14 0:00,559900,3,2.75,2930,5569,1,0,0,3,1860,1070,2004,2003,18960 131st Pl NE,Woodinville,WA 98072,USA
02/06/14 0:00,285000,2,2.5,1380,1073,2,0,0,3,1140,240,2011,0,2802 SW Bataan St,Seattle,WA 98126,USA
02/06/14 0:00,500000,3,2,1720,5525,1,0,2,5,960,760,1941,0,4825 27th Ave S,Seattle,WA 98108,USA
02/06/14 0:00,380000,2,1,1210,4800,1,0,0,3,1060,150,1950,2005,4532 13th Ave S,Seattle,WA 98108,USA
02/06/14 0:00,469000,3,1,950,4250,1.5,0,0,5,950,0,1948,1985,1911 E Columbia St,Seattle,WA 98122,USA
02/06/14 0:00,405000,2,1.75,1710,4234,2,0,0,3,1330,380,1920,1979,4131 SW Kenyon St,Seattle,WA 98136,USA
02/06/14 0:00,439900,2,2,1410,12282,1.5,0,0,5,1410,0,1909,1988,31103 SE 85th Pl,Preston,WA 98050,USA
02/06/14 0:00,525000,4,2.5,2910,7631,2,0,2,3,2910,0,2006,0,25480 SE 275th Pl,Maple Valley,WA 98038,USA
02/06/14 0:00,580000,4,2.5,2220,7064,2,0,0,3,2220,0,1988,2000,4055 238th Pl SE,Issaquah,WA 98029,USA
02/06/14 0:00,1250000,5,3.25,3160,13238,2,0,0,5,3160,0,1972,0,7325 86th Ave SE,Mercer Island,WA 98040,USA
02/06/14 0:00,275000,3,2,1380,4500,1,0,0,3,1380,0,2008,0,24031 SE 262nd Pl,Maple Valley,WA 98038,USA
02/06/14 0:00,629000,3,2,1760,5000,1,0,0,5,960,800,1920,0,2439 Piedmont Pl W,Seattle,WA 98199,USA
02/06/14 0:00,395000,1,1,730,3000,1,0,0,3,730,0,1911,1979,6215 30th Ave NW,Seattle,WA 98107,USA
02/06/14 0:00,965000,4,2.5,2460,5000,2,0,0,5,1620,840,1938,0,1024 Washington Pl E,Seattle,WA 98112,USA
02/06/14 0:00,820000,3,1.75,2160,6272,1,0,0,4,1390,770,1960,2001,2000-2098 NE 68th St,Seattle,WA 98115,USA
02/06/14 0:00,661000,4,2.25,1990,4600,1.5,0,2,4,1420,570,1932,1958,4426 38th Ave SW,Seattle,WA 98126,USA
02/06/14 0:00,789000,3,3,3740,39640,2,0,2,3,3740,0,1991,0,9900 SW Quartermaster Dr,Vashon,WA 98070,USA
02/06/14 0:00,668500,4,2.5,2710,5500,2,0,0,3,2710,0,1999,0,667 237th Pl SE,Sammamish,WA 98074,USA
02/06/14 0:00,350000,3,2.5,2680,7836,2,0,0,3,2680,0,1990,2009,31456 117th Pl SE,Auburn,WA 98092,USA
02/06/14 0:00,250000,4,2,1850,7560,1,0,0,4,1540,310,1978,2000,4511 S 262nd St,Kent,WA 98032,USA
02/06/14 0:00,725995,4,2.5,3190,7869,2,0,2,3,3190,0,2001,0,7704 Heather Ave SE,Snoqualmie,WA 98065,USA
02/06/14 0:00,1000000,3,2.5,2730,5832,2,0,0,3,2730,0,1998,2006,13428 NE 12th Pl,Bellevue,WA 98005,USA
02/06/14 0:00,686000,3,1.5,1840,9990,2,0,0,5,1840,0,1961,0,11727 9th Ave NW,Seattle,WA 98177,USA
02/06/14 0:00,665000,4,2.5,2720,10000,2,0,0,3,2720,0,1987,2000,2110 216th Pl NE,Sammamish,WA 98074,USA
02/06/14 0:00,1965221,4,3.5,4370,8510,2,0,1,3,3610,760,2003,0,2523-2533 103rd Ave SE,Bellevue,WA 98004,USA
02/06/14 0:00,653000,3,2.5,2290,3475,2,0,0,3,2290,0,2006,0,2172 NE Noble St,Issaquah,WA 98029,USA
02/06/14 0:00,430000,2,1,990,4802,1,0,0,3,990,0,1947,2012,8059 Loyal Way NW,Seattle,WA 98117,USA
02/06/14 0:00,305000,2,1.5,1140,2980,2,0,0,3,1140,0,1988,2000,4150 244th Pl SE,Issaquah,WA 98029,USA
02/06/14 0:00,809000,4,1.5,1840,4337,2,0,0,4,1840,0,1917,0,1218 19th Ave E,Seattle,WA 98112,USA
02/06/14 0:00,440150,2,1,1110,6800,1,0,0,5,1000,110,1947,0,12216 Greenwood Ave N,Seattle,WA 98133,USA
02/06/14 0:00,615000,4,2.5,2150,9070,2,0,0,4,2150,0,1985,0,14151 174th Pl NE,Redmond,WA 98052,USA
02/06/14 0:00,1035000,3,2.5,2230,5750,2,0,0,3,2230,0,2003,0,1840-1846 9th St W,Kirkland,WA 98033,USA
02/06/14 0:00,455000,2,1,1170,6000,1,0,0,4,970,200,1941,1998,9552 Phinney Ave N,Seattle,WA 98103,USA
02/06/14 0:00,635000,3,2.5,1960,7200,1,0,0,4,980,980,1940,2001,4131 51st Ave S,Seattle,WA 98118,USA
02/06/14 0:00,675000,3,2.25,2610,9002,2,0,0,3,2610,0,1988,2000,10090 177th Ave NE,Redmond,WA 98052,USA
02/06/14 0:00,316000,3,2.25,2130,8721,1,0,0,3,1570,560,1987,2000,20312 102nd Pl SE,Kent,WA 98031,USA
02/06/14 0:00,955000,3,2.25,3020,43560,2,0,0,3,2720,300,1969,2010,12599 NE 39th St,Bellevue,WA 98005,USA
02/06/14 0:00,985000,3,1.75,1670,5400,2,0,0,5,1670,0,1912,0,1808 38th Ave E,Seattle,WA 98112,USA
02/06/14 0:00,465500,3,1.75,1890,7004,1,0,0,3,1290,600,1965,1993,5047 43rd Ave S,Seattle,WA 98118,USA
02/06/14 0:00,305000,3,1,950,13475,1,0,0,3,950,0,1950,2005,2023 NE 175th St,Shoreline,WA 98155,USA
02/06/14 0:00,645000,4,2.5,2430,14400,1,0,0,5,1670,760,1963,0,15048 NE 11th Pl,Bellevue,WA 98007,USA
02/06/14 0:00,730000,4,2,2360,6000,1,0,0,5,1260,1100,1939,0,3635 41st Ave W,Seattle,WA 98199,USA
02/06/14 0:00,366000,3,1.75,1510,8301,1,0,0,3,1510,0,1967,2011,8835 NE 138th St,Kirkland,WA 98034,USA
02/06/14 0:00,290000,3,2.5,2080,4828,2,0,0,3,2080,0,2002,0,25420 157th Ave SE,Covington,WA 98042,USA
02/06/14 0:00,472500,3,2,1750,15500,1,0,0,3,1490,260,1982,0,20604 SE 24th St,Sammamish,WA 98075,USA
02/06/14 0:00,550000,3,2,1810,4064,1.5,0,0,3,1810,0,1925,2002,7820 Ashworth Ave N,Seattle,WA 98103,USA
02/06/14 0:00,410000,4,1.75,1790,11875,1,0,0,4,1490,300,1969,0,560 SW Fernwood St,Issaquah,WA 98027,USA
02/06/14 0:00,440000,4,2.75,2340,11034,1,0,0,3,1720,620,1967,2011,19311 47th Ave NE,Lake Forest Park,WA 98155,USA
02/06/14 0:00,535000,3,2.5,1690,9626,2,0,0,3,1690,0,1984,0,4501-4507 186th Ave SE,Issaquah,WA 98027,USA
02/06/14 0:00,300000,4,2.5,2070,7476,2,0,0,3,2070,0,2003,0,11366 SE 298th Pl,Auburn,WA 98092,USA
02/06/14 0:00,432500,3,2.5,2240,6396,2,0,0,3,2240,0,2002,0,7311 Silent Creek Ave SE,Snoqualmie,WA 98065,USA
02/06/14 0:00,870000,4,3,4500,21780,2,0,2,3,3040,1460,1980,0,5003 E Mercer Way,Mercer Island,WA 98040,USA
02/06/14 0:00,492000,3,1.75,2770,39927,1,0,0,4,1580,1190,1978,2000,15017 253rd Ave SE,Issaquah,WA 98027,USA
02/06/14 0:00,199950,3,1,1010,7245,1,0,0,3,1010,0,1969,2010,29910-29918 21st Ave S,Federal Way,WA 98003,USA
02/06/14 0:00,439800,3,1.5,1120,6900,1,0,0,5,1120,0,1956,0,15524 SE 9th St,Bellevue,WA 98007,USA
02/06/14 0:00,320000,5,2.5,3020,21441,1,0,0,4,1510,1510,1978,2000,29234 158th Ave SE,Kent,WA 98042,USA
02/06/14 0:00,687000,4,3.25,4400,186846,2,0,0,4,4400,0,1993,0,28808 SE Mud Mountain Rd,Enumclaw,WA 98022,USA
02/06/14 0:00,345000,3,1.75,1990,5650,1,0,1,3,1320,670,1963,2008,10238 65th Ave S,Seattle,WA 98178,USA
02/06/14 0:00,274950,3,1,1450,8820,1,0,0,3,1050,400,1958,2004,5619 S 149th St,Tukwila,WA 98168,USA
02/06/14 0:00,270000,4,2.5,1920,8497,2,0,0,3,1920,0,1998,2006,5307-5311 Quincy Ave SE,Auburn,WA 98092,USA
02/06/14 0:00,342000,2,2.5,1175,1366,2,0,0,3,740,435,2005,0,9219 Stone Ave N,Seattle,WA 98103,USA
02/06/14 0:00,327000,3,1.5,1320,13200,1,0,0,3,1320,0,1970,2014,11406 Nile Ave NE,Renton,WA 98059,USA
02/06/14 0:00,610000,5,2.5,3990,3839,1,0,0,4,1990,2000,1962,0,431 26th Ave E,Seattle,WA 98112,USA
02/06/14 0:00,455000,2,1,1140,5720,1,0,0,3,850,290,1947,2012,2711 NE 75th St,Seattle,WA 98115,USA
02/06/14 0:00,540000,4,1.75,1720,4240,1.5,0,0,4,1460,260,1925,1968,2722 30th Ave S,Seattle,WA 98144,USA
02/06/14 0:00,411000,4,2.75,2150,9915,1,0,0,5,1240,910,1976,0,7302 127th Pl SE,Newcastle,WA 98056,USA
02/06/14 0:00,544000,3,1.5,1790,8203,1.5,0,1,3,1790,0,1910,2006,Schmitz Park to Alki Trail,Seattle,WA 98116,USA
02/06/14 0:00,802000,2,2.5,2210,6327,1,0,0,3,2210,0,2003,0,23216 NE 126th St,Redmond,WA 98053,USA
02/06/14 0:00,568500,3,2.75,2180,7519,1,0,0,4,1310,870,1981,0,10629 161st Avenue Northeast,Redmond,WA 98052,USA
02/06/14 0:00,391000,3,2.25,1410,1290,2,0,0,3,1290,120,2004,2003,2134 NW Boulder Way Dr,Issaquah,WA 98027,USA
02/06/14 0:00,298000,3,2.5,1950,3600,2,0,0,3,1950,0,2010,0,24032 SE 263rd Pl,Maple Valley,WA 98038,USA
02/06/14 0:00,400000,3,2.5,1495,936,3,0,0,3,1405,90,2006,0,1108 29th Ave S,Seattle,WA 98144,USA
03/06/14 0:00,425000,3,2.25,1660,6000,1,0,0,3,1110,550,1979,2014,942 27th Ave,Seattle,WA 98122,USA
03/06/14 0:00,328500,3,2.5,1950,8130,2,0,0,4,1950,0,1990,0,23915 135th Pl SE,Kent,WA 98042,USA
03/06/14 0:00,650000,5,2.75,2550,5040,1.5,0,0,5,2550,0,1902,0,1417 26th Ave,Seattle,WA 98122,USA
03/06/14 0:00,850000,3,1.75,1370,3850,1,0,0,5,770,600,1911,1988,2015 42nd Ave E,Seattle,WA 98112,USA
03/06/14 0:00,930000,4,2.5,2200,4000,2,0,0,5,1430,770,1908,0,2418 10th Ave W,Seattle,WA 98119,USA
03/06/14 0:00,530000,3,1.75,1250,6041,1.5,0,0,5,1250,0,1942,0,2202 NE 83rd St,Seattle,WA 98115,USA
03/06/14 0:00,495000,4,2.25,2220,8872,1,0,0,4,1110,1110,1961,2001,5918 128th Ave SE,Bellevue,WA 98006,USA
03/06/14 0:00,500000,3,1.75,1620,4200,1,0,0,5,830,790,1945,0,6209 40th Ave NE,Seattle,WA 98115,USA
03/06/14 0:00,325000,3,1.75,2250,26337,1,0,0,3,2250,0,1980,0,33316 E Lake Holm Dr SE,Auburn,WA 98092,USA
03/06/14 0:00,365000,3,2.5,1720,99916,2,0,0,4,1720,0,1990,0,29245 188 Ave SE,Kent,WA 98042,USA
03/06/14 0:00,471000,4,2.5,3030,9687,2,0,0,3,2020,1010,1998,2006,1165 SW 12th St,North Bend,WA 98045,USA
03/06/14 0:00,223000,3,1,1030,9120,1,0,0,3,1030,0,1961,2004,26825 33rd Ave S,Kent,WA 98032,USA
03/06/14 0:00,503000,3,2.5,2190,4882,2,0,0,3,2190,0,1999,0,18649 22nd Pl NE,Lake Forest Park,WA 98155,USA
03/06/14 0:00,230000,3,2,1440,5600,1,0,0,4,720,720,1942,2007,2508 NE 7th St,Renton,WA 98056,USA
03/06/14 0:00,550000,4,2.5,2170,9600,1,0,0,3,1460,710,1980,0,8520 169th Ct NE,Redmond,WA 98052,USA
03/06/14 0:00,1100000,4,3.75,2930,3200,1.5,0,0,5,2130,800,1925,0,115 W Raye St,Seattle,WA 98119,USA
03/06/14 0:00,193000,3,1.5,1180,9048,1,0,0,3,1180,0,1960,2012,454 S 190th St,Burien,WA 98148,USA
03/06/14 0:00,590000,4,4.25,2360,57514,2,0,0,4,2360,0,1939,1987,2862 S 354th Ln,Federal Way,WA 98003,USA
03/06/14 0:00,712500,3,1.5,1660,8797,1,0,0,4,1660,0,1956,0,10414 SE 24th Pl,Bellevue,WA 98004,USA
03/06/14 0:00,689800,3,2.75,2390,9313,1,0,0,5,1390,1000,1942,0,12575 Corliss Ave N,Seattle,WA 98133,USA
03/06/14 0:00,430000,3,2,1360,5120,1.5,0,0,4,910,450,1924,0,4822 48th Ave SW,Seattle,WA 98116,USA
03/06/14 0:00,785200,3,2.25,1840,3500,1.5,0,0,5,1540,300,1910,0,3110 E Jefferson St,Seattle,WA 98122,USA
03/06/14 0:00,474900,3,2.25,1800,43647,1,0,0,4,1800,0,1976,1992,20337 156th Ave NE,Woodinville,WA 98072,USA
03/06/14 0:00,1070000,4,3.75,4130,12320,2,0,0,3,4130,0,2001,0,14212 SE 92nd St,Newcastle,WA 98059,USA
03/06/14 0:00,435000,3,1.75,2220,132858,1,0,0,3,1110,1110,1988,2000,13009 230th Ave SE,Issaquah,WA 98027,USA
03/06/14 0:00,941500,5,3.5,3490,9680,2,0,4,3,2460,1030,1980,0,20122 Richmond Beach Dr NW,Shoreline,WA 98177,USA
03/06/14 0:00,312000,4,2.5,1830,5175,2,0,0,3,1830,0,2003,0,27369 245th Ave SE,Maple Valley,WA 98038,USA
03/06/14 0:00,835000,4,2.75,1550,4000,1.5,0,0,3,1550,0,1930,1997,4325 NE 43rd St,Seattle,WA 98105,USA
03/06/14 0:00,713250,3,2,2050,9000,1,0,0,4,2050,0,1951,1999,2416 70th Ave SE,Mercer Island,WA 98040,USA
03/06/14 0:00,440000,2,1,1230,6600,1,0,0,3,1130,100,1906,2014,3934 S Hudson St,Seattle,WA 98118,USA
03/06/14 0:00,580135,4,2.5,3150,5886,2,0,0,3,3150,0,2014,0,13516 164th Ave SE,Renton,WA 98059,USA
03/06/14 0:00,575000,3,2.25,3800,33825,1,0,0,4,3330,470,1976,1992,24716 142nd Ave SE,Kent,WA 98042,USA
03/06/14 0:00,613000,3,2.5,1350,3068,2,0,0,3,1350,0,1991,0,819 31st Ave,Seattle,WA 98122,USA
03/06/14 0:00,235000,3,2,1530,8700,1,0,0,4,1530,0,1970,0,2925 Morris Ave S,Renton,WA 98055,USA
03/06/14 0:00,660000,3,2.5,2290,2798,3,0,0,4,2290,0,1953,1983,2402 Delmar Dr E,Seattle,WA 98102,USA
03/06/14 0:00,280000,2,1.5,1480,15641,1,0,0,4,1480,0,1940,2001,11405 26th Ave SW,Seattle,WA 98146,USA
03/06/14 0:00,268000,3,1.75,1970,10270,1,0,0,4,1970,0,1966,0,3644 Manchester Way,Kent,WA 98032,USA
03/06/14 0:00,235000,2,1,720,4840,1,0,0,4,720,0,1947,1988,5403 34th Ave SW,Seattle,WA 98126,USA
03/06/14 0:00,390000,3,2,1080,7236,1,0,0,5,1080,0,1947,0,808 NE 117th St,Seattle,WA 98125,USA
03/06/14 0:00,654950,4,2.5,2790,45902,2,0,0,3,2790,0,1987,2000,19218 189th Pl NE,Woodinville,WA 98077,USA
03/06/14 0:00,449500,5,2.75,2040,7488,1,0,0,4,1200,840,1969,0,12610 NE 142nd St,Kirkland,WA 98034,USA
03/06/14 0:00,150000,3,1,1320,8220,1,0,0,3,1320,0,1959,1989,1904 S 259th St,Des Moines,WA 98198,USA
03/06/14 0:00,440000,3,2.25,1680,57063,2,0,0,4,1680,0,1989,0,43105 SE 149th St,North Bend,WA 98045,USA
03/06/14 0:00,710000,3,2,2140,4923,1,0,0,4,1070,1070,1928,0,8250 Ashworth Ave N,Seattle,WA 98103,USA
03/06/14 0:00,420000,3,1.75,1660,9600,1,0,0,3,1380,280,1981,2013,18223 129th Pl NE,Bothell,WA 98011,USA
03/06/14 0:00,312000,3,2.25,1540,5338,1,0,0,5,770,770,1954,0,9014 Ravenna Ave NE,Seattle,WA 98115,USA
03/06/14 0:00,320000,3,2,1880,10758,1,0,0,5,940,940,1952,1998,14712 SE 105th Pl,Renton,WA 98059,USA
03/06/14 0:00,235000,3,1,1250,15603,1,0,0,4,1250,0,1959,0,12522 SE 105th St,Renton,WA 98056,USA
03/06/14 0:00,437000,5,2,2120,137565,1.5,0,0,3,2120,0,1913,1983,16633 Westside Hwy SW,Vashon,WA 98070,USA
03/06/14 0:00,545000,3,1.75,1810,3000,1.5,0,0,4,1810,0,1903,0,4331 5th Ave NW,Seattle,WA 98107,USA
03/06/14 0:00,640000,3,2.5,2370,11172,2,0,0,3,2370,0,1993,0,12020 SE 76th St,Newcastle,WA 98056,USA
03/06/14 0:00,432000,3,2.5,1970,4036,2,0,0,4,1970,0,2003,0,35317 SE Ridge St,Snoqualmie,WA 98065,USA
03/06/14 0:00,548000,3,2.5,2110,4099,2,0,0,3,2110,0,2001,0,17041 128th Pl NE,Woodinville,WA 98072,USA
03/06/14 0:00,830000,3,3,2080,10521,1.5,0,0,3,2080,0,2004,2003,8359 NE Juanita Dr,Kirkland,WA 98034,USA
03/06/14 0:00,875000,4,2.25,3720,12384,1,0,2,5,1860,1860,1970,0,2929 200th Ave SE,Sammamish,WA 98075,USA
03/06/14 0:00,409950,2,1.75,1370,5125,1,0,0,5,1370,0,1944,0,929 N 88th St,Seattle,WA 98103,USA
03/06/14 0:00,695000,4,2.5,2961,12146,2,0,0,3,2961,0,1998,2006,21548 SE 28th Ln,Sammamish,WA 98075,USA
03/06/14 0:00,562100,3,2.25,2090,12112,2,0,0,3,2090,0,1983,2009,15703 NE 113th Ct,Redmond,WA 98052,USA
03/06/14 0:00,475000,3,2.5,2600,7210,2,0,0,3,2600,0,1989,0,5054 NE 23rd St,Renton,WA 98059,USA
03/06/14 0:00,425000,3,2.25,1870,9000,1,0,0,3,1440,430,1978,0,10559 NE 150th Ct,Bothell,WA 98011,USA
03/06/14 0:00,600000,4,2.5,2620,9873,2,0,0,3,2620,0,1987,2000,2830 216th Ave SE,Issaquah,WA 98075,USA
03/06/14 0:00,770000,3,2.5,2430,54059,2,0,0,3,2430,0,1987,2000,15105 262nd Ave SE,Issaquah,WA 98027,USA
03/06/14 0:00,239000,3,1.75,1340,16480,1,0,0,4,1340,0,1968,0,26510 134th Ave SE,Kent,WA 98042,USA
03/06/14 0:00,295000,2,1,1170,10621,1,0,0,3,1170,0,1963,2008,507 Janet Ave NE,North Bend,WA 98045,USA
03/06/14 0:00,560000,3,1.75,2000,10182,1,0,0,5,1400,600,1963,0,6110 123rd Ave NE,Kirkland,WA 98033,USA
03/06/14 0:00,613000,5,2.5,2070,12000,1,0,0,4,1340,730,1967,0,1813 177th Ave NE,Bellevue,WA 98008,USA
03/06/14 0:00,960000,4,3,4590,9150,2,0,0,3,3490,1100,1981,2013,13003 13th Ave NW,Seattle,WA 98177,USA
03/06/14 0:00,847000,5,1,2550,4623,2.5,0,0,4,2550,0,1905,0,805 30th Ave,Seattle,WA 98122,USA
03/06/14 0:00,206000,3,1,1060,9600,1,0,0,4,1060,0,1962,0,35014 19th Ave SW,Federal Way,WA 98023,USA
03/06/14 0:00,253000,2,1.75,1220,5000,1,0,0,5,860,360,1921,0,506 Wells Ave N,Renton,WA 98057,USA
03/06/14 0:00,430000,4,2.25,1790,7203,1,0,0,4,1110,680,1973,0,19534 34th Ave NE,Lake Forest Park,WA 98155,USA
03/06/14 0:00,605000,3,2,2060,4040,1,0,0,4,1120,940,1947,1988,510 N 70th St,Seattle,WA 98103,USA
03/06/14 0:00,425000,2,2.5,1140,1182,3,0,0,3,1140,0,2007,0,2017 NW 59th St,Seattle,WA 98107,USA
03/06/14 0:00,720000,4,2.5,2870,12648,2,0,0,4,2870,0,1986,0,24146 SE 45th Pl,Issaquah,WA 98029,USA
03/06/14 0:00,375900,6,1.5,2550,33740,1,0,0,4,1750,800,1958,1972,31207 22nd Ave SW,Federal Way,WA 98023,USA
03/06/14 0:00,1298000,4,3.5,2790,10125,1.5,0,0,5,2790,0,1985,0,4510 89th Ave SE,Mercer Island,WA 98040,USA
03/06/14 0:00,210000,3,1,1110,7962,1,0,0,3,1110,0,1962,2003,11048 21st Ave SW,Seattle,WA 98146,USA
03/06/14 0:00,234000,2,1,940,5375,1,0,0,4,940,0,1952,0,20214 8th Ave S,Des Moines,WA 98198,USA
03/06/14 0:00,285000,3,1.75,2880,18296,1,0,0,3,1580,1300,1958,2004,4071 S 128th St,Tukwila,WA 98168,USA
03/06/14 0:00,400000,3,1.5,1200,4800,1,0,0,4,1200,0,1962,0,15226 SE 1st Pl,Bellevue,WA 98007,USA
03/06/14 0:00,718000,3,1,1030,4958,1,0,0,5,1030,0,1952,1998,4760 47th Ave NE,Seattle,WA 98105,USA
03/06/14 0:00,174500,2,2.5,1240,2689,2,0,0,3,1240,0,1986,0,829 S 310th Pl,Federal Way,WA 98003,USA
03/06/14 0:00,222400,3,2,1200,9566,1,0,0,3,1200,0,1995,0,124 Mt Vista Pl SW,Pacific,WA 98047,USA
03/06/14 0:00,402500,3,3.25,2780,4002,2,0,0,3,2780,0,2009,0,14806 279th Ln NE,Duvall,WA 98019,USA
03/06/14 0:00,250000,3,2.25,1765,7652,2,0,0,3,1765,0,1996,0,33015 4th Pl S,Federal Way,WA 98003,USA
03/06/14 0:00,600000,4,2.5,1960,14242,1,0,1,4,1290,670,1958,1972,12048 Standring Ct SW,Burien,WA 98146,USA
03/06/14 0:00,930000,2,2.5,2680,11214,1,0,0,3,2680,0,2006,0,24035 NE Adair Rd,Redmond,WA 98053,USA
03/06/14 0:00,272500,3,2,1410,7622,1,0,0,4,1410,0,1983,0,14608 SE 195th Pl,Renton,WA 98058,USA
03/06/14 0:00,363990,4,2.5,2240,3712,2,0,0,3,2240,0,2014,0,27433-27475 211th Ct SE,Maple Valley,WA 98038,USA
03/06/14 0:00,575000,4,2.75,3120,7644,2,0,0,3,3120,0,2010,0,9423 Ash Ave SE,Snoqualmie,WA 98065,USA
03/06/14 0:00,400000,3,2.25,1450,4706,2,0,0,3,1450,0,2009,0,8018 NE 183rd St,Kenmore,WA 98028,USA
03/06/14 0:00,427874,3,3,2340,5002,2,0,0,3,2340,0,2013,1923,897 SE 11th St,North Bend,WA 98045,USA
03/06/14 0:00,309000,5,2.75,2481,4045,2,0,0,3,2481,0,2014,0,38071 39th Ave S,Auburn,WA 98001,USA
03/06/14 0:00,320000,3,3.25,1530,1602,2,0,0,3,1140,390,2013,1923,5201 23rd Ave SW,Seattle,WA 98106,USA
04/06/14 0:00,390000,3,2.25,1250,7500,1,0,0,5,1250,0,1942,0,10111 32nd Pl SW,Seattle,WA 98146,USA
04/06/14 0:00,299000,1,0.75,560,12120,1,0,0,3,560,0,1967,2011,8314 361st Ave NE,Carnation,WA 98014,USA
04/06/14 0:00,375000,4,1.75,2200,7475,1,0,0,5,1100,1100,1955,0,6609 43rd Ave S,Seattle,WA 98118,USA
04/06/14 0:00,240500,3,1.75,1460,10584,1,0,0,3,990,470,1997,0,1219 S 124th St,Seattle,WA 98168,USA
04/06/14 0:00,320000,3,1.5,1650,9380,1,0,0,5,1130,520,1978,0,16710 133rd Pl SE,Renton,WA 98058,USA
04/06/14 0:00,1270000,5,2.5,3200,17204,1,0,0,3,2160,1040,1952,2008,8726 NE 11th St,Bellevue,WA 98004,USA
04/06/14 0:00,658588,3,2.25,2560,41346,2,0,0,3,2560,0,1986,0,12923 206th Ct SE,Issaquah,WA 98027,USA
04/06/14 0:00,270000,3,2.25,2080,4252,1.5,0,0,3,1550,530,2003,0,20442 137th Ave SE,Kent,WA 98042,USA
04/06/14 0:00,327500,3,1,1070,7140,1,0,0,3,1070,0,1989,0,3510 S Holly St,Seattle,WA 98118,USA
04/06/14 0:00,340000,3,1.75,2190,12626,2,0,0,4,2190,0,1978,2000,14000 SE 241st St,Kent,WA 98042,USA
04/06/14 0:00,200000,3,1.5,2060,15837,1.5,0,0,3,2060,0,1903,2005,13315 88th Ave S,Renton,WA 98057,USA
04/06/14 0:00,1025000,3,1.75,2640,8000,1,0,3,4,1320,1320,1960,2001,3057 70th Ave SE,Mercer Island,WA 98040,USA
04/06/14 0:00,275000,3,2.5,1720,8755,1,0,0,3,1000,720,1983,2009,31607 45th Pl SW,Federal Way,WA 98023,USA
04/06/14 0:00,1126000,5,3.5,3880,13885,2,0,3,4,2540,1340,1979,0,13800 SE 43rd St,Bellevue,WA 98006,USA
04/06/14 0:00,280000,2,1,960,4920,1,0,0,3,960,0,1942,1999,9007 4th Ave NW,Seattle,WA 98117,USA
04/06/14 0:00,485000,3,2.5,2340,59058,1,0,0,3,2340,0,1985,0,21924 234th Ave SE,Maple Valley,WA 98038,USA
04/06/14 0:00,1901000,3,2.5,2660,13367,2,0,2,3,2660,0,1992,0,4612 92nd Ave NE,Yarrow Point,WA 98004,USA
04/06/14 0:00,865000,3,1.75,2090,4725,2,0,0,3,1610,480,1947,2013,2825 W Elmore Pl,Seattle,WA 98199,USA
04/06/14 0:00,532000,3,2.5,1820,4910,2,0,0,3,1820,0,1993,0,25756 SE 41st St,Issaquah,WA 98029,USA
04/06/14 0:00,364950,4,2.5,2310,8030,2,0,0,3,2310,0,1978,0,15929 Broadway Ave NE,Duvall,WA 98019,USA
04/06/14 0:00,212500,3,1,920,14400,1,0,0,4,920,0,1977,0,35632 52nd Ave S,Auburn,WA 98001,USA
04/06/14 0:00,135000,1,1,790,13062,1,0,0,3,790,0,1942,1999,1641 S 124th St,Seattle,WA 98168,USA
04/06/14 0:00,437000,2,1.75,1500,6800,1,0,0,4,910,590,1942,1982,9702 12th Ave NW,Seattle,WA 98117,USA
04/06/14 0:00,390000,3,1,1240,11108,1,0,0,4,1240,0,1952,0,1348 SW 175th St,Normandy Park,WA 98166,USA
04/06/14 0:00,760000,4,2.5,2730,36183,2,0,0,3,2730,0,1986,0,11511 159th Ave NE,Redmond,WA 98052,USA
04/06/14 0:00,119500,3,1,1170,11000,1,0,0,2,1170,0,1980,0,14800 Kennedy Pl NE,Duvall,WA 98019,USA
04/06/14 0:00,2400000,5,3.25,3410,9088,2,0,3,3,2760,650,1912,1994,309 W Prospect St,Seattle,WA 98119,USA
04/06/14 0:00,837500,4,2.5,2700,9320,2,0,0,4,2700,0,1994,0,1317 5th Ln,Kirkland,WA 98033,USA
04/06/14 0:00,327500,4,1.75,1650,7800,1,0,0,3,1650,0,1968,1997,15035-15041 SE Fairwood Blvd,Renton,WA 98058,USA
04/06/14 0:00,175000,2,1,670,2378,1,0,0,3,670,0,1919,2001,3021-1/2 SW Harbor Ln,Seattle,WA 98126,USA
04/06/14 0:00,289950,3,2,1670,7757,1,0,0,3,1670,0,1992,0,10009 SE 247th Pl,Kent,WA 98030,USA
04/06/14 0:00,400000,3,1.75,1530,10731,1,0,0,3,1530,0,1986,0,18917 72nd Ct NE,Kenmore,WA 98028,USA
04/06/14 0:00,219950,3,2.25,1500,7615,1,0,0,3,1150,350,1984,0,32110 12th Pl SW,Federal Way,WA 98023,USA
04/06/14 0:00,161700,4,1.75,1720,7200,1,0,0,3,1220,500,1974,0,32955-32977 33rd Ave SW,Federal Way,WA 98023,USA
04/06/14 0:00,500000,5,3,2920,11440,2,0,0,3,2920,0,2003,0,18202 Dayton Ave N,Shoreline,WA 98133,USA
04/06/14 0:00,465000,3,1,910,4500,1,0,0,3,910,0,1948,1994,2915 NW 75th St,Seattle,WA 98117,USA
04/06/14 0:00,540000,3,1,1050,4160,1,0,0,4,1050,0,1925,1968,2511 NE 65th St,Seattle,WA 98115,USA
04/06/14 0:00,525000,3,2,1540,7800,1,0,0,3,1540,0,2004,2003,10340 38th Ave NE,Seattle,WA 98125,USA
04/06/14 0:00,324950,3,1,1210,7440,1,0,0,3,1210,0,1949,1998,15243 6th Ave NE,Shoreline,WA 98155,USA
04/06/14 0:00,565000,5,2.5,2650,11455,1,0,0,3,1400,1250,1961,2004,527 171st Pl NE,Bellevue,WA 98008,USA
04/06/14 0:00,760500,3,2,1990,3990,1,0,0,5,1130,860,1912,0,4117 Bagley Ave N,Seattle,WA 98103,USA
04/06/14 0:00,1100000,5,2.75,2660,8737,1,0,4,5,1470,1190,1969,0,4435 140th Ave SE,Bellevue,WA 98006,USA
04/06/14 0:00,603500,4,2.5,4060,9734,1,0,4,3,2150,1910,1977,2004,19304 65th Ave NE,Kenmore,WA 98028,USA
04/06/14 0:00,453500,5,2.5,2300,23345,1,0,0,5,1170,1130,1967,0,16930 SE 144th St,Renton,WA 98059,USA
04/06/14 0:00,583000,6,2.75,2630,16411,1,0,0,4,1650,980,1974,0,2317-2399 185th Pl NE,Redmond,WA 98052,USA
04/06/14 0:00,275000,2,1,770,8149,1,0,0,5,770,0,1948,1985,15346-15348 25th Ave NE,Shoreline,WA 98155,USA
04/06/14 0:00,875000,4,2.75,3790,10669,2,0,0,3,3790,0,1999,0,1223 269th Ave SE,Sammamish,WA 98075,USA
04/06/14 0:00,335000,4,2.75,2540,7210,1,0,0,4,1600,940,1979,0,15901-15999 131st Pl SE,Renton,WA 98058,USA
04/06/14 0:00,646000,4,2.25,2500,8500,1,0,0,4,1600,900,1978,2000,4615 158th Ave SE,Bellevue,WA 98006,USA
04/06/14 0:00,392500,4,2.5,2150,7303,2,0,0,3,2150,0,2005,0,2709 NE 22nd St,Renton,WA 98056,USA
04/06/14 0:00,785000,3,1.75,1670,9600,1,0,0,5,1670,0,1961,0,3764 79th Ave SE,Mercer Island,WA 98040,USA
04/06/14 0:00,470000,3,2,1800,12669,1,0,0,3,1800,0,1956,1990,10406 126th Ave NE,Kirkland,WA 98033,USA
04/06/14 0:00,560000,3,2.5,2070,12708,2,0,0,3,2070,0,1996,0,8203 120th Pl SE,Newcastle,WA 98056,USA
04/06/14 0:00,519000,2,1,830,2820,1,0,0,4,830,0,1920,0,8216 Linden Ave N,Seattle,WA 98103,USA
04/06/14 0:00,746000,3,2.25,2370,9619,1,0,0,4,1650,720,1973,0,18119 NE 30th St,Redmond,WA 98052,USA
04/06/14 0:00,317000,3,1,1010,5400,1,0,0,3,1010,0,1959,1989,3100-3198 S Byron St,Seattle,WA 98144,USA
04/06/14 0:00,371000,3,1.5,1420,4500,1,0,0,3,1420,0,1959,1989,2142 N 90th St,Seattle,WA 98103,USA
04/06/14 0:00,250000,4,2,2120,8701,1.5,0,0,4,2120,0,1960,2001,2006 S 257th St,Des Moines,WA 98198,USA
04/06/14 0:00,532000,4,1.75,2020,7029,1,0,0,4,1430,590,1979,0,10916 159th Ave NE,Redmond,WA 98052,USA
04/06/14 0:00,499950,3,2.5,1520,2208,2,0,0,3,1040,480,2007,0,2537 13th Ave W,Seattle,WA 98119,USA
04/06/14 0:00,375000,2,1,820,6250,1,0,0,4,820,0,1922,0,6018 41st Ave SW,Seattle,WA 98136,USA
04/06/14 0:00,640000,3,2.5,1690,1553,2.5,0,0,3,1690,0,2007,0,2647 22nd Ave W,Seattle,WA 98199,USA
04/06/14 0:00,400000,3,2,2260,11305,1,0,0,3,1130,1130,1986,0,2811 Mill Ave S,Renton,WA 98055,USA
04/06/14 0:00,572000,3,2.25,1830,7897,1,0,0,4,1290,540,1986,0,17801 NE 102nd Ct,Redmond,WA 98052,USA
04/06/14 0:00,310000,3,2,1350,11150,1,0,0,3,1110,240,1995,0,42321 SE 171st St,North Bend,WA 98045,USA
04/06/14 0:00,989000,5,3.5,3280,4000,2,0,0,3,2440,840,2003,0,8309 30th Ave NW,Seattle,WA 98117,USA
04/06/14 0:00,685000,4,2.5,2770,45514,2,0,0,4,2770,0,1989,0,18630 NE 202nd St,Woodinville,WA 98077,USA
04/06/14 0:00,907500,4,2.5,2770,8642,2,0,0,4,2770,0,1987,0,14583 NE 58th St,Bellevue,WA 98007,USA
04/06/14 0:00,427500,4,2.5,2460,5091,2,0,0,3,2460,0,2003,0,SE 170th Pl,Renton,WA 98058,USA
04/06/14 0:00,860000,3,3.25,4720,32467,2,0,2,3,3190,1530,1998,2006,10510 172nd Ct SE,Renton,WA 98059,USA
04/06/14 0:00,365000,2,1,1250,8100,1,0,0,4,1250,0,1947,1988,13727 1st Ave NE,Seattle,WA 98125,USA
04/06/14 0:00,250500,3,2,1710,7225,2,0,0,4,1710,0,1988,0,3030 SW 346th Pl,Federal Way,WA 98023,USA
04/06/14 0:00,411715,3,1.75,1840,5101,1,0,0,5,1040,800,1952,1998,4902 12th Ave S,Seattle,WA 98108,USA
04/06/14 0:00,415000,4,2.5,2000,5962,2,0,0,3,2000,0,1999,0,720 N 193rd Pl,Shoreline,WA 98133,USA
04/06/14 0:00,129000,1,1,650,15364,1,0,0,4,650,0,1967,0,13712 SE 256th Pl,Kent,WA 98042,USA
04/06/14 0:00,489000,3,1.5,1020,9072,1,0,0,3,920,100,1930,1997,9110 25th Ave NE,Seattle,WA 98115,USA
04/06/14 0:00,170000,2,1,1500,18540,1,0,0,3,1500,0,1950,2005,14426-14598 42nd Ave S,Tukwila,WA 98168,USA
04/06/14 0:00,418500,3,2.5,2060,4399,2,0,0,3,2060,0,2007,0,34214 SE Carmichael St,Snoqualmie,WA 98065,USA
04/06/14 0:00,261000,3,1.5,1810,29308,1,0,0,3,950,860,1983,2009,20609 SE 271st St,Covington,WA 98042,USA
04/06/14 0:00,2005000,6,4.5,3810,28176,1,0,4,5,3810,0,1969,0,18309 17th Pl NW,Shoreline,WA 98177,USA
04/06/14 0:00,355000,2,1.75,1650,4000,1,0,0,4,950,700,1947,1988,4541 11th Ave S,Seattle,WA 98108,USA
04/06/14 0:00,742000,3,3.25,1540,704,3,0,0,3,1540,0,2011,0,1820 E Howell St,Seattle,WA 98122,USA
04/06/14 0:00,399950,3,1.5,2080,5244,1,0,0,3,1190,890,1959,1989,11812 33rd Ave NE,Seattle,WA 98125,USA
04/06/14 0:00,791000,3,2.25,2430,5500,2,0,0,3,1810,620,1989,0,625 8th Ave,Kirkland,WA 98033,USA
04/06/14 0:00,190000,5,2,1750,10284,1,0,0,4,1750,0,1943,0,1916 Harrington Cir NE,Renton,WA 98056,USA
04/06/14 0:00,229500,3,1.75,1770,33224,1,0,0,4,1770,0,1968,0,11055 SE 295th St,Auburn,WA 98092,USA
04/06/14 0:00,539000,3,2.5,1710,2300,2,0,0,3,1570,140,2005,0,7874 148th Ct NE,Redmond,WA 98052,USA
04/06/14 0:00,549000,4,2.25,2740,88426,2,0,0,3,2740,0,1991,0,14324 250th Pl SE,Issaquah,WA 98027,USA
04/06/14 0:00,545000,5,2.5,2730,17240,1,0,0,5,1660,1070,1958,0,18718 56th Ave NE,Kenmore,WA 98028,USA
04/06/14 0:00,285000,3,2.5,2437,5136,2,0,0,3,2437,0,2011,0,157 Pike St NE,Auburn,WA 98002,USA
04/06/14 0:00,648000,4,2.5,3290,6203,2,0,0,3,3290,0,2008,0,36011 SE Kendall Peak St,Snoqualmie,WA 98065,USA
04/06/14 0:00,610000,4,3.5,2910,5260,2,0,0,3,2910,0,2012,1912,9311 Nye Ave SE,Snoqualmie,WA 98065,USA
04/06/14 0:00,767450,3,2,1630,7599,1,0,0,3,1630,0,2006,0,1464 NW 95th St,Seattle,WA 98117,USA
04/06/14 0:00,765000,4,3,4410,5104,2,0,0,3,3400,1010,2006,0,6820 Pinehurst Ave SE,Snoqualmie,WA 98065,USA
04/06/14 0:00,586500,3,2.5,1780,1487,3,0,0,3,1600,180,2006,0,3840 Evanston Ave N,Seattle,WA 98103,USA
04/06/14 0:00,520000,3,3.25,1540,1487,2,0,0,3,1540,0,2011,0,886 3rd Ave NE,Issaquah,WA 98029,USA
04/06/14 0:00,455000,3,1.75,1420,1189,3,0,0,3,1420,0,2006,0,514 N 46th St,Seattle,WA 98103,USA
05/06/14 0:00,653000,3,2.5,2680,9750,1,0,0,4,1610,1070,1979,0,8236 NE 115th Way,Kirkland,WA 98034,USA
05/06/14 0:00,279950,3,2,1750,9750,1,0,0,3,1350,400,1961,2004,2640 S 227th Pl,Des Moines,WA 98198,USA
05/06/14 0:00,449950,3,2.5,2170,4912,2,0,0,3,2170,0,2003,0,7546 NE 204th Pl,Kenmore,WA 98028,USA
05/06/14 0:00,565000,3,2.75,2390,9966,1,0,0,5,1360,1030,1977,0,6609 117th Ave SE,Bellevue,WA 98006,USA
05/06/14 0:00,620000,4,2.25,2400,5350,1.5,0,0,4,1460,940,1929,0,6509 10th Ave NW,Seattle,WA 98117,USA
05/06/14 0:00,269000,3,1,1690,4250,1,0,0,3,1020,670,1967,2011,12035-12225 61st Ave S,Seattle,WA 98178,USA
05/06/14 0:00,875000,3,3.5,3250,6000,2,0,0,3,2500,750,2001,0,5422 46th Ave SW,Seattle,WA 98136,USA
05/06/14 0:00,630000,4,3.75,4610,40202,1,0,0,4,2500,2110,1980,0,25510 SE 159th St,Issaquah,WA 98027,USA
05/06/14 0:00,425000,4,2.75,2440,15349,2,0,1,4,2440,0,1957,2001,21212 Occidental Ave S,Des Moines,WA 98198,USA
05/06/14 0:00,647500,3,1.75,1290,3870,1,0,0,5,1290,0,1916,0,1727 Lake Washington Blvd S,Seattle,WA 98144,USA
05/06/14 0:00,450000,4,1,2000,4676,1.5,0,0,3,1250,750,1916,1986,5421-5499 52nd Terrace S,Seattle,WA 98118,USA
05/06/14 0:00,440000,3,1,1050,7500,1,0,0,3,1050,0,1900,2005,6057-6061 50th Ave SW,Seattle,WA 98136,USA
05/06/14 0:00,445000,4,2.5,2340,3784,2,0,0,3,2340,0,2008,0,908 SW Austin St,Seattle,WA 98106,USA
05/06/14 0:00,530000,4,2.25,2210,7665,2,0,0,4,2210,0,1968,0,12807 SE 67th St,Bellevue,WA 98006,USA
05/06/14 0:00,875000,5,2.5,2920,5568,2,0,0,3,2320,600,1906,2014,747 16th Ave E,Seattle,WA 98112,USA
05/06/14 0:00,685000,3,2.75,3150,219978,2,0,0,4,3000,150,1990,0,5424 298th Ave SE,Preston,WA 98050,USA
05/06/14 0:00,798000,3,3.5,3590,6402,2,0,0,3,3590,0,1999,0,20555 NE 27th Pl,Sammamish,WA 98074,USA
05/06/14 0:00,297500,4,2.5,1910,5000,2,0,0,3,1910,0,2005,0,22840 SE 269th St,Maple Valley,WA 98038,USA
05/06/14 0:00,749950,4,2.75,3110,35235,2,0,0,4,3110,0,1983,0,18230 NE 146th Way,Woodinville,WA 98072,USA
05/06/14 0:00,495000,5,3,2440,4750,1,0,0,3,1450,990,2006,0,5954 24th Ave S,Seattle,WA 98108,USA
05/06/14 0:00,540000,4,2.25,1330,8400,1.5,0,0,3,1330,0,1962,2003,136 128th Ave SE,Bellevue,WA 98005,USA
05/06/14 0:00,395000,3,1.75,1460,22651,1,0,0,4,1460,0,1961,2001,12921 231st Ave SE,Issaquah,WA 98027,USA
05/06/14 0:00,1300000,6,4.5,3902,3880,3,0,4,4,2782,1120,1977,0,2306 Halleck Ave SW,Seattle,WA 98116,USA
05/06/14 0:00,1075000,5,4.75,5180,17811,2,0,2,3,4070,1110,2001,0,6766 Cascade Ave SE,Snoqualmie,WA 98065,USA
05/06/14 0:00,214100,2,2.5,1150,2064,2,0,0,3,1150,0,2004,2003,27852 31st Pl S,Auburn,WA 98001,USA
05/06/14 0:00,210000,4,1.5,1920,10403,1,0,0,3,1370,550,1959,1989,2352 SW 338th St,Federal Way,WA 98023,USA
05/06/14 0:00,499500,3,2.5,2520,53143,1.5,0,0,3,2520,0,1988,2000,30929 NE Cherry Valley Rd,Duvall,WA 98019,USA
05/06/14 0:00,546000,2,1,970,3400,1,0,0,3,970,0,1924,2011,2707 Queen Anne Ave N,Seattle,WA 98109,USA
05/06/14 0:00,292000,5,2.5,2490,7666,1,0,0,4,1490,1000,1989,0,12621 SE 222nd Pl,Kent,WA 98031,USA
05/06/14 0:00,289000,3,2,1680,8424,1,0,0,3,1680,0,1993,0,710 Victor St,Enumclaw,WA 98022,USA
05/06/14 0:00,240000,3,1,1150,4825,1,0,0,4,1150,0,1957,2001,450 NE Birch St,Issaquah,WA 98027,USA
05/06/14 0:00,395000,4,3,1980,7931,1,0,0,4,1160,820,1983,0,16723 Corliss Pl N,Shoreline,WA 98133,USA
05/06/14 0:00,795000,4,2.25,2070,13084,1,0,0,4,1700,370,1967,0,4707 88th Ave SE,Mercer Island,WA 98040,USA
05/06/14 0:00,955000,4,4.25,5660,193593,2,0,0,3,4100,1560,2001,0,12124 268th Dr NE,Duvall,WA 98019,USA
05/06/14 0:00,725000,4,2.75,2420,10962,1,0,0,3,1530,890,1977,2004,1301 141st Pl NE,Bellevue,WA 98007,USA
05/06/14 0:00,335000,4,2.5,2610,4781,2,0,0,3,2610,0,2009,0,37540 32nd Pl S,Auburn,WA 98001,USA
05/06/14 0:00,492000,4,3.75,2810,10840,2,0,2,4,2070,740,1994,0,1410 SW 10th St,North Bend,WA 98045,USA
05/06/14 0:00,250000,3,2.5,1510,10384,1,0,0,2,1030,480,1976,0,17732 199th Pl NE,Woodinville,WA 98077,USA
05/06/14 0:00,700000,3,1.75,1910,4800,1,0,0,3,1080,830,1959,1989,7529 Bagley Ave N,Seattle,WA 98103,USA
05/06/14 0:00,545000,3,1.75,1700,51649,1.5,0,0,5,1700,0,1931,0,14633 200th Ave SE,Renton,WA 98059,USA
05/06/14 0:00,555000,4,2.75,2020,10720,1,0,0,4,1420,600,1976,1992,3005 177th Ave NE,Redmond,WA 98052,USA
05/06/14 0:00,640000,3,1.75,2340,4206,1,0,0,5,1170,1170,1917,0,2955 36th Ave S,Seattle,WA 98144,USA
05/06/14 0:00,390000,3,2,1463,868,3,0,0,3,1463,0,2003,0,7538 Roosevelt Way NE,Seattle,WA 98115,USA
05/06/14 0:00,466500,3,1,1430,3840,1,0,0,3,950,480,1945,2010,7550 19th Ave NW,Seattle,WA 98117,USA
05/06/14 0:00,372500,3,1.5,1180,12324,1,0,0,3,800,380,1981,2013,2522 230th Ave NE,Sammamish,WA 98074,USA
05/06/14 0:00,1800000,5,4.5,4400,15580,2,0,0,3,3390,1010,2003,0,1404-1418 100th Ave NE,Bellevue,WA 98004,USA
05/06/14 0:00,255000,3,2.5,1610,6176,2,0,0,3,1610,0,1994,0,26300 127th Ave SE,Kent,WA 98030,USA
05/06/14 0:00,466800,3,2.5,1480,14250,2,0,0,3,1480,0,1996,0,5811 116th Ave NE,Kirkland,WA 98033,USA
05/06/14 0:00,749000,3,2.5,2670,10338,2,0,0,3,2670,0,1987,2000,14583 NE 58th St,Bellevue,WA 98007,USA
05/06/14 0:00,610000,4,1.75,1830,29110,2,0,0,3,1230,600,1990,2009,6194-6470 E Mercer Way,Mercer Island,WA 98040,USA
05/06/14 0:00,356000,2,1,920,4095,1,0,0,4,920,0,1914,1945,5968 44th Ave S,Seattle,WA 98118,USA
05/06/14 0:00,165000,3,1,1150,19200,1,0,0,4,1150,0,1908,0,36255 52nd Ave S,Auburn,WA 98001,USA
05/06/14 0:00,229000,2,1,1190,7408,1,0,0,3,830,360,1941,1994,10427 18th Ave S,Seattle,WA 98168,USA
05/06/14 0:00,530000,4,3.25,4160,35654,2,0,0,3,2760,1400,1973,2013,24844 SE Mirrormont Pl,Issaquah,WA 98027,USA
05/06/14 0:00,499950,3,2.5,2370,12753,2,0,0,3,2370,0,2001,0,26508 NE Kennedy Dr,Duvall,WA 98019,USA
05/06/14 0:00,619000,4,1.75,1660,3800,1.5,0,0,3,1660,0,1926,2003,8054 Brooklyn Ave NE,Seattle,WA 98115,USA
05/06/14 0:00,547000,3,2.5,1480,8381,1,0,0,4,1480,0,1968,0,10746 38th Ave NE,Seattle,WA 98125,USA
05/06/14 0:00,359800,4,2.5,2390,6426,2,0,0,3,2390,0,1999,0,5608 Elizabeth Loop SE,Auburn,WA 98092,USA
05/06/14 0:00,499000,3,3.5,1690,1432,2,0,0,3,1360,330,2008,0,3427 33rd Ave W,Seattle,WA 98199,USA
05/06/14 0:00,189000,3,1,1010,7560,1,0,0,3,1010,0,1958,2004,17026 124th Ave SE,Renton,WA 98058,USA
05/06/14 0:00,799000,4,3.5,3500,8547,2,0,0,3,2500,1000,1994,0,16034 SE 47th Ln,Bellevue,WA 98006,USA
05/06/14 0:00,257000,4,2.75,2330,7642,1,0,0,3,1800,530,1990,2009,2829 SW 342nd Pl,Federal Way,WA 98023,USA
05/06/14 0:00,270000,3,1.5,1890,9450,1,0,0,3,1090,800,1957,2000,13405 5th Ave SW,Burien,WA 98146,USA
05/06/14 0:00,453500,4,1.75,2000,6032,1,0,2,3,1300,700,1959,1989,4404 SW 101st St,Seattle,WA 98146,USA
05/06/14 0:00,237000,3,1,1130,10650,1,0,0,3,1130,0,1954,2005,18504 38th Ave S,SeaTac,WA 98188,USA
05/06/14 0:00,456000,4,1.75,1670,9886,1,0,0,5,1670,0,1947,0,13205 39th Ave NE,Seattle,WA 98125,USA
05/06/14 0:00,355500,3,2.5,2600,5540,2,0,0,3,2600,0,2004,2003,28635 226th Ave SE,Maple Valley,WA 98038,USA
05/06/14 0:00,299950,4,1.75,1560,31299,1,0,0,4,1560,0,1965,0,13228 SE 294th Pl,Auburn,WA 98092,USA
05/06/14 0:00,335000,3,2,1170,5360,1,0,0,3,1170,0,1919,2001,9432 25th Ave SW,Seattle,WA 98106,USA
05/06/14 0:00,268500,4,2.5,2100,4237,2,0,0,3,2100,0,2006,0,12519 SE 236th Pl,Kent,WA 98031,USA
05/06/14 0:00,385000,3,2.25,1710,11500,1,0,0,3,1210,500,1978,0,19215 58th Ave NE,Kenmore,WA 98028,USA
05/06/14 0:00,376000,4,2.75,2420,5773,2,0,0,3,2420,0,2005,0,25025 234th Pl SE,Maple Valley,WA 98038,USA
05/06/14 0:00,605004,4,2,1370,4000,2,0,0,3,1370,0,1951,1994,2825 W Jameson St,Seattle,WA 98199,USA
05/06/14 0:00,886000,4,2,2660,3900,1.5,0,0,4,1480,1180,1923,0,1926 E Lynn St,Seattle,WA 98112,USA
05/06/14 0:00,560000,4,2.5,2260,3713,2,0,0,3,2260,0,2003,0,13135 NE 139th St,Kirkland,WA 98034,USA
05/06/14 0:00,343000,4,2.5,2070,4500,2,0,0,3,2070,0,2004,2003,28129 237th Ave SE,Maple Valley,WA 98038,USA
05/06/14 0:00,1415000,4,5.25,4670,43950,2,0,0,3,4670,0,1989,0,6324 160th Pl SE,Bellevue,WA 98006,USA
05/06/14 0:00,270000,3,1,1500,13500,1,0,0,4,1500,0,1968,0,20147 SE 152nd St,Renton,WA 98059,USA
05/06/14 0:00,411605,4,2.5,2658,3960,2,0,0,3,2658,0,2014,0,2723 55th St SE,Auburn,WA 98092,USA
05/06/14 0:00,550000,4,2.5,2700,5150,2,0,0,3,2700,0,2007,0,5314 NE 17th Pl,Renton,WA 98059,USA
05/06/14 0:00,465000,3,2.25,1530,1245,2,0,0,3,1050,480,2014,0,2716 E Yesler Way,Seattle,WA 98122,USA
05/06/14 0:00,584000,3,2.5,1480,1485,2,0,0,3,1280,200,2007,0,2027 Eastlake Ave E,Seattle,WA 98102,USA
05/06/14 0:00,275000,3,3,1390,1080,2,0,0,3,1140,250,2006,0,4022 S Bozeman St,Seattle,WA 98118,USA
05/06/14 0:00,324500,3,2.5,1660,3990,2,0,0,3,1660,0,2009,0,8132 Wolcott Ave S,Seattle,WA 98118,USA
05/06/14 0:00,700000,3,2.5,2050,4185,2,0,0,3,2050,0,2011,0,8708 12th Ave NW,Seattle,WA 98117,USA
06/06/14 0:00,385200,4,1,1550,7740,1.5,0,0,3,1550,0,1954,2005,9014 34th Ave SW,Seattle,WA 98126,USA
06/06/14 0:00,270000,4,2.25,1900,8600,1,0,0,4,1900,0,1975,0,32624 39th Pl SW,Federal Way,WA 98023,USA
06/06/14 0:00,735000,4,2.5,2820,6180,2,0,0,3,2050,770,2013,1923,3958 S Lucile St,Seattle,WA 98118,USA
06/06/14 0:00,389250,2,1.5,1490,4080,1,0,0,3,930,560,1956,2001,3738 SW Ida St,Seattle,WA 98126,USA
06/06/14 0:00,315000,3,1.5,1750,12500,1,0,0,3,1150,600,1954,2005,32901 SE 43rd St,Fall City,WA 98024,USA
06/06/14 0:00,545000,4,2.5,2040,6034,2,0,0,3,2040,0,1990,2009,9106 5th Ave NE,Seattle,WA 98115,USA
06/06/14 0:00,550000,3,1.5,1900,5000,1.5,0,0,3,1640,260,1926,2003,6810 31st Ave NE,Seattle,WA 98115,USA
06/06/14 0:00,415000,3,1.75,1910,12596,1,0,0,3,1340,570,1977,2004,15505 180 Ave NE,Woodinville,WA 98072,USA
06/06/14 0:00,387500,3,1,1560,14333,1,0,0,4,1560,0,1953,1983,18975 Marine View Dr SW,Normandy Park,WA 98166,USA
06/06/14 0:00,432000,3,1.75,1470,6250,1,0,3,4,1070,400,1939,1989,3715 NE 153rd St,Lake Forest Park,WA 98155,USA
06/06/14 0:00,402000,3,2.5,2700,9994,1,0,3,4,1350,1350,1959,0,22728 10th Ave S,Des Moines,WA 98198,USA
06/06/14 0:00,1035000,4,3.25,3450,11240,2,0,3,4,2430,1020,1960,2001,Indian Trail,Burien,WA 98166,USA
06/06/14 0:00,294700,3,2,1970,9600,1,0,0,4,1300,670,1967,0,2604 S 357th St,Federal Way,WA 98003,USA
06/06/14 0:00,744000,3,2.5,2670,12187,2,0,0,3,2670,0,1986,0,6935 142nd Ct NE,Redmond,WA 98052,USA
06/06/14 0:00,715000,3,2.5,2550,13458,2,0,0,3,2550,0,1990,2009,4967 165th Pl SE,Bellevue,WA 98006,USA
06/06/14 0:00,500000,4,1,1720,4011,1.5,0,0,4,1720,0,1904,0,3004 NW 59th St,Seattle,WA 98107,USA
06/06/14 0:00,1300000,4,4,4270,6002,2,0,3,3,3180,1090,2004,2003,1645 30th Ave NE,Issaquah,WA 98029,USA
06/06/14 0:00,1150000,3,1.5,2170,16600,1,1,2,3,1130,1040,1979,2014,2244 West Lake Sammamish Pkwy NE,Redmond,WA 98052,USA
06/06/14 0:00,650000,4,2.5,2840,9354,2,0,0,3,2840,0,1990,2009,1920 224th Pl NE,Sammamish,WA 98074,USA
06/06/14 0:00,435000,4,2.75,3270,50994,2,0,0,4,2720,550,1983,0,19011 SE 283rd St,Kent,WA 98042,USA
06/06/14 0:00,510000,3,1.75,1480,7040,1,0,0,3,1480,0,1974,0,7517 128th Pl NE,Kirkland,WA 98033,USA
06/06/14 0:00,525000,5,2.75,2440,8000,1,0,0,4,1240,1200,1972,0,12806 NE 141st Ct,Kirkland,WA 98034,USA
06/06/14 0:00,920000,4,2.75,2880,5750,1.5,0,0,5,1710,1170,1928,1970,1718 44th Ave SW,Seattle,WA 98116,USA
06/06/14 0:00,200000,2,1,1730,9610,1,0,0,3,1380,350,1962,2003,34033 39th Ave S,Auburn,WA 98001,USA
06/06/14 0:00,435000,2,1,1260,4080,1.5,0,0,5,1260,0,1926,0,802 NE 80th St,Seattle,WA 98115,USA
06/06/14 0:00,809950,4,2,2230,9900,1.5,0,0,5,2230,0,1959,0,12519 SE 15th St,Bellevue,WA 98005,USA
06/06/14 0:00,1370000,2,2.25,2460,16940,1.5,0,4,4,1930,530,1936,0,6827 36th Ave NW,Seattle,WA 98117,USA
06/06/14 0:00,455000,4,1.75,2050,94525,1,0,0,4,1250,800,1959,0,17019 193rd Ave SE,Renton,WA 98058,USA
06/06/14 0:00,471000,3,2.5,2030,2805,2,0,0,3,1720,310,2001,0,23 Sunset Ct NW,Issaquah,WA 98027,USA
06/06/14 0:00,253500,2,1,810,4800,1,0,0,3,810,0,1948,1994,8850 34th Ave SW,Seattle,WA 98126,USA
06/06/14 0:00,185000,3,1,1840,8100,1,0,0,4,920,920,1953,1983,16433 12th Ave SW,Burien,WA 98166,USA
06/06/14 0:00,535500,3,1.5,1730,40250,2,0,0,4,1730,0,1983,0,16718-16726 171st Pl NE,Woodinville,WA 98072,USA
06/06/14 0:00,835000,2,2,2280,6815,1,0,0,3,2280,0,2002,0,12439 235th Pl NE,Redmond,WA 98053,USA
06/06/14 0:00,589500,4,2.5,2630,6326,2,0,0,3,2630,0,2008,0,34917 SE Moffat St,Snoqualmie,WA 98065,USA
06/06/14 0:00,680000,3,2.25,2270,23900,1,0,0,3,1820,450,1975,0,1023 NW 166th St,Shoreline,WA 98177,USA
06/06/14 0:00,360000,3,1.75,1020,7020,1.5,0,0,4,1020,0,1953,1983,1231 NE 148th St,Shoreline,WA 98155,USA
06/06/14 0:00,595000,4,2.5,1990,2175,2,0,0,3,1680,310,2005,0,1102 NW 56th St,Seattle,WA 98107,USA
06/06/14 0:00,300000,4,2.5,2680,15508,2,0,0,3,2680,0,1999,0,4620 SW 333rd Ct,Federal Way,WA 98023,USA
06/06/14 0:00,660000,3,1.75,1980,3300,1.5,0,0,4,1140,840,1926,1993,6040 27th Ave NE,Seattle,WA 98115,USA
06/06/14 0:00,570000,3,2.5,2400,6975,2,0,0,3,2400,0,1993,0,12032-12038 SE 76th St,Newcastle,WA 98056,USA
06/06/14 0:00,285000,2,1,780,5000,1,0,0,4,780,0,1943,0,10222 18th Ave SW,Seattle,WA 98146,USA
06/06/14 0:00,435000,3,2,980,5000,1,0,0,3,980,0,1940,1996,830 Davis Pl S,Seattle,WA 98144,USA
06/06/14 0:00,160000,3,1,1210,103237,1,0,0,2,1210,0,1918,1960,20505 Vashon Ave,Vashon,WA 98070,USA
06/06/14 0:00,805000,5,2.5,4600,19831,1,0,3,3,2300,2300,1956,2013,18015 15th Ave NW,Shoreline,WA 98177,USA
06/06/14 0:00,450000,3,2.5,1480,1961,2,0,0,3,1480,0,2005,0,2336 NE Park Dr,Issaquah,WA 98029,USA
06/06/14 0:00,510000,4,1.5,1320,14250,1,0,0,4,1320,0,1954,1979,11240 106th Ave NE,Kirkland,WA 98033,USA
06/06/14 0:00,1120000,5,2.75,4400,18500,1,0,3,5,2250,2150,1963,0,15530-15998 61st Ave NE,Kenmore,WA 98028,USA
06/06/14 0:00,1280000,4,3.5,3010,3600,2,0,0,3,2370,640,1999,0,1622 38th Ave E,Seattle,WA 98112,USA
06/06/14 0:00,539000,3,2,2260,9568,1,0,0,3,1780,480,1985,0,21132 NE 42nd St,Sammamish,WA 98074,USA
06/06/14 0:00,407193,4,2,1880,14653,2,0,0,3,1880,0,1978,0,31229 NE 111th St,Carnation,WA 98014,USA
06/06/14 0:00,320000,3,1.75,1370,9900,1,0,0,4,1370,0,1983,0,99 17th Ave,Milton,WA 98354,USA
06/06/14 0:00,739000,4,3,2720,3800,2,0,0,5,1800,920,1919,1934,6326 20th Ave NE,Seattle,WA 98115,USA
06/06/14 0:00,452000,2,1.75,1740,5400,1,0,0,4,990,750,1946,1989,9411 44th Pl NE,Seattle,WA 98115,USA
06/06/14 0:00,600000,4,2.5,2560,5593,2,0,0,3,2560,0,2001,0,22801-22899 NE 100th Pl,Redmond,WA 98053,USA
06/06/14 0:00,279000,5,2.5,2690,5557,2,0,0,3,2690,0,2012,1912,6421 S 124th St,Seattle,WA 98178,USA
06/06/14 0:00,895000,4,3,3240,5562,2,0,0,3,3240,0,2013,1923,1852 271st Ave SE,Sammamish,WA 98075,USA
06/06/14 0:00,585000,4,2.5,2430,4747,2,0,0,3,2430,0,2008,0,360 SE Bush St,Issaquah,WA 98027,USA
06/06/14 0:00,405000,2,2,1405,1073,2,0,0,3,1140,265,2007,0,1111 29th Ave,Seattle,WA 98122,USA
06/06/14 0:00,837219,5,2.75,3030,7679,2,0,0,3,3030,0,2014,0,1855-1899 212th Ave SE,Sammamish,WA 98075,USA
06/06/14 0:00,969990,4,2.5,4150,8436,2,0,0,3,4150,0,2014,0,3324 225th Ave SE,Sammamish,WA 98075,USA
07/06/14 0:00,490000,3,3,1730,2940,3,0,0,3,1730,0,1985,0,2639 NW 86th St,Seattle,WA 98117,USA
07/06/14 0:00,611000,6,2.5,3820,53173,1,0,0,4,2040,1780,1974,0,820 Idylwood Dr SW,Issaquah,WA 98027,USA
07/06/14 0:00,462000,4,2.5,3070,6432,2,0,0,3,3070,0,2006,0,3474 Wells Ave S,Renton,WA 98055,USA
08/06/14 0:00,540000,4,2.5,1780,4169,2,0,0,3,1780,0,1994,0,25025 SE 42nd St,Issaquah,WA 98029,USA
08/06/14 0:00,260000,4,2.5,1811,4381,2,0,0,3,1811,0,2007,0,16603 113th Ave SE,Renton,WA 98055,USA
08/06/14 0:00,510000,4,2.25,2450,62290,2,0,0,3,2450,0,1976,0,18121 197th Pl NE,Woodinville,WA 98077,USA
08/06/14 0:00,567500,3,2.5,2300,7398,2,0,0,3,2300,0,2001,0,7075-7131 Thompson Ave SE,Snoqualmie,WA 98065,USA
08/06/14 0:00,445000,2,1,1440,3225,1,0,0,3,960,480,1915,0,1608 N 50th St,Seattle,WA 98103,USA
08/06/14 0:00,684680,4,2.25,2370,9360,2,0,0,4,2370,0,1979,0,16314 NE 46th St,Redmond,WA 98052,USA
08/06/14 0:00,2700000,4,3.25,4420,7850,2,1,4,3,3150,1270,2001,0,17834 SE 40th Pl,Bellevue,WA 98008,USA
08/06/14 0:00,455000,3,1,1300,3550,1.5,0,0,3,1300,0,1927,2011,5606 8th Ave NE,Seattle,WA 98105,USA
08/06/14 0:00,540000,5,3,2870,4369,2,0,0,3,2090,780,2007,0,11175 NE 162nd St,Bothell,WA 98011,USA
08/06/14 0:00,530000,3,2.75,3400,7200,2,0,2,3,2470,930,2009,0,353 Bronson Way NE,Renton,WA 98056,USA
09/06/14 0:00,410000,3,1,1410,5060,1,0,0,4,910,500,1956,0,10711 Ashworth Ave N,Seattle,WA 98133,USA
09/06/14 0:00,450000,3,1.75,1640,13500,1,0,0,3,1110,530,1940,1996,12016 23rd Ave NE,Seattle,WA 98125,USA
09/06/14 0:00,609900,4,2.5,3190,7399,2,0,0,3,3190,0,2006,0,27465 254th Way SE,Maple Valley,WA 98038,USA
09/06/14 0:00,648000,4,2.5,2380,13435,2,0,0,3,2380,0,1992,0,3008 233rd Ave SE,Issaquah,WA 98075,USA
09/06/14 0:00,550000,3,2.5,2260,4165,2,0,0,3,2260,0,2005,0,24811 SE 19th St,Sammamish,WA 98075,USA
09/06/14 0:00,347000,3,1.75,1240,8050,1,0,0,4,1240,0,1978,2000,22207 Daeila Dr,Sammamish,WA 98074,USA
09/06/14 0:00,1635000,5,3.5,4220,26784,1,0,0,3,2110,2110,1958,2006,400 Detwiller Ln,Bellevue,WA 98004,USA
09/06/14 0:00,1339000,4,2.5,4250,19387,2,0,2,4,3260,990,1972,0,9426 SE 52nd St,Mercer Island,WA 98040,USA
09/06/14 0:00,288350,3,1.5,1860,7963,1,0,0,3,1200,660,1963,2008,5162 S 170th St,Tukwila,WA 98188,USA
09/06/14 0:00,1150000,3,2.5,2850,10474,1,0,0,4,1730,1120,1954,1979,9824 NE 13th St,Bellevue,WA 98004,USA
09/06/14 0:00,525000,3,3,2470,36445,2,0,0,4,2470,0,1980,0,25616 SE 152nd St,Issaquah,WA 98027,USA
09/06/14 0:00,250250,3,2.25,2210,8000,2,0,0,4,2210,0,1969,0,3652 SW 328th St,Federal Way,WA 98023,USA
09/06/14 0:00,341000,4,1.75,1920,7665,1,0,0,4,1500,420,1975,0,16016 SE 173rd St,Renton,WA 98058,USA
09/06/14 0:00,700000,4,3,3150,7778,2,0,0,3,3150,0,2000,0,24012 SE 13th Pl,Sammamish,WA 98075,USA
09/06/14 0:00,390000,4,1.75,2700,7875,1.5,0,0,4,2700,0,1968,0,16518-16526 147th Ave SE,Renton,WA 98058,USA
09/06/14 0:00,539950,3,2.25,2190,7149,1,0,1,4,1240,950,1963,0,3600-3698 Wells Ave N,Renton,WA 98056,USA
09/06/14 0:00,552000,2,2.5,1380,951,3,0,0,3,1380,0,2006,0,5010 Greenwood Ave N,Seattle,WA 98103,USA
09/06/14 0:00,250000,5,1.5,2520,5753,1.5,0,0,4,1510,1010,1928,0,2134 Montgomery Ave,Enumclaw,WA 98022,USA
09/06/14 0:00,502000,3,1.75,1300,8800,1,0,0,4,1300,0,1963,0,16805 NE 12th St,Bellevue,WA 98008,USA
09/06/14 0:00,480000,4,1.75,2220,6500,2,0,3,4,2220,0,1964,0,16905 33rd Ave SW,Burien,WA 98166,USA
09/06/14 0:00,378500,2,1,730,7528,1,0,0,3,730,0,1946,0,2048 NE 97th St,Seattle,WA 98115,USA
09/06/14 0:00,1350000,4,3.25,3300,15907,2,0,0,5,3300,0,1985,0,9213 SE 68th St,Mercer Island,WA 98040,USA
09/06/14 0:00,1900000,4,3.25,4130,112521,2,0,0,3,4130,0,1978,0,13117 NE 33rd St,Bellevue,WA 98005,USA
09/06/14 0:00,605000,3,2.5,2670,47480,2,0,3,3,2670,0,1981,2013,16901-17007 NE 160th Pl,Woodinville,WA 98072,USA
09/06/14 0:00,307550,4,2.5,1980,5909,2,0,0,3,1980,0,2003,0,11717 SE 234th Pl,Kent,WA 98031,USA
09/06/14 0:00,304700,2,1,740,5995,1,0,0,4,740,0,1949,1985,13715 Wallingford Ave N,Seattle,WA 98133,USA
09/06/14 0:00,568000,3,1.75,2050,3520,1,0,0,4,1070,980,1977,0,5404-5410 Beach Dr SW,Seattle,WA 98136,USA
09/06/14 0:00,385000,3,1.75,1230,7500,1,0,0,3,1230,0,1987,2000,14407 88th Ave NE,Kirkland,WA 98034,USA
09/06/14 0:00,345000,3,2.5,1210,1420,3,0,0,3,1210,0,2008,0,717 N 95th St,Seattle,WA 98103,USA
09/06/14 0:00,435000,3,2.25,1890,7200,1,0,0,4,1230,660,1973,0,1021 NE 120th St,Seattle,WA 98125,USA
09/06/14 0:00,579000,2,2,1870,6275,1,0,0,3,1870,0,2003,0,12524 231st Ave NE,Redmond,WA 98053,USA
09/06/14 0:00,236000,3,1.75,1330,6301,1,0,0,3,1330,0,1998,2006,3802 I Pl NE,Auburn,WA 98002,USA
09/06/14 0:00,305100,3,2,1590,35988,1,0,0,4,1590,0,1974,0,18429 W Lake Desire Dr SE,Renton,WA 98058,USA
09/06/14 0:00,368000,3,1.75,1710,10800,1,0,0,4,1710,0,1958,1972,15303 75th Ave NE,Kenmore,WA 98028,USA
09/06/14 0:00,255000,2,1,1200,9000,1,0,2,5,1200,0,1917,0,22018 8th Pl S,Des Moines,WA 98198,USA
09/06/14 0:00,400000,2,1,1140,5100,1,0,0,3,1140,0,1942,1999,3922 SW Kenyon St,Seattle,WA 98136,USA
09/06/14 0:00,440000,3,1.75,2240,8153,1,0,0,3,1120,1120,1948,1994,13749 1st Ave NE,Seattle,WA 98125,USA
09/06/14 0:00,417000,2,1,920,6600,1,0,0,3,920,0,1919,2003,6321 51st Ave S,Seattle,WA 98118,USA
09/06/14 0:00,435000,2,1,800,5000,1,0,0,3,800,0,1906,2014,1111 NW 64th St,Seattle,WA 98107,USA
09/06/14 0:00,475000,4,2.75,1980,11443,1,0,0,5,1980,0,1952,1998,19523 53rd Ave NE,Lake Forest Park,WA 98155,USA
09/06/14 0:00,563500,4,2.5,2800,12831,2,0,0,3,2800,0,2001,0,15415 279th Pl NE,Duvall,WA 98019,USA
09/06/14 0:00,285000,3,2.25,1680,35127,2,0,0,3,1680,0,1987,2000,20615 SE 334th St,Auburn,WA 98092,USA
09/06/14 0:00,471000,4,2.5,2330,9928,2,0,0,3,2330,0,1998,2006,275 SE 10th Cir,North Bend,WA 98045,USA
09/06/14 0:00,500000,4,1.75,2240,9886,1.5,0,0,4,2240,0,1965,0,16725 NE 22nd St,Bellevue,WA 98008,USA
09/06/14 0:00,640000,3,2.5,2140,8925,2,0,0,3,2140,0,1991,0,23359 NE 24th Pl,Sammamish,WA 98074,USA
09/06/14 0:00,442500,4,2.5,2170,14024,2,0,0,3,2170,0,1992,0,27518 NE 147th Ln,Duvall,WA 98019,USA
09/06/14 0:00,213400,3,1.5,1150,8686,1,0,0,4,1150,0,1963,0,11002 SE 180th St,Renton,WA 98055,USA
09/06/14 0:00,831000,4,2.5,2030,3905,1.5,0,0,4,1630,400,1926,1993,3912 Ashworth Ave N,Seattle,WA 98103,USA
09/06/14 0:00,325000,3,2,1350,11805,1,0,0,3,1350,0,1986,0,14329 275th Ave NE,Duvall,WA 98019,USA
09/06/14 0:00,425000,2,1,910,4635,1,0,0,4,910,0,1905,0,6311-6399 28th Ave NW,Seattle,WA 98107,USA
09/06/14 0:00,550000,4,2.5,2700,5100,1,0,0,4,1440,1260,1968,0,3946 SW Portland St,Seattle,WA 98136,USA
09/06/14 0:00,599950,4,3.5,3730,15029,2,0,2,3,2440,1290,1991,0,24702 132nd Ct SE,Kent,WA 98042,USA
09/06/14 0:00,1225000,4,2.5,2740,16007,2,0,0,3,2740,0,1984,0,2557 Medina Cir,Medina,WA 98039,USA
09/06/14 0:00,750000,4,3.25,2050,5000,2,0,0,4,1370,680,1987,0,427 27th Ave E,Seattle,WA 98112,USA
09/06/14 0:00,290000,4,3,2390,4500,2,0,0,3,2390,0,1974,0,312 Wells Ave N,Renton,WA 98057,USA
09/06/14 0:00,270000,4,2.75,1990,7252,1,0,0,3,1270,720,1999,0,2820 V Ct SE,Auburn,WA 98002,USA
09/06/14 0:00,229950,4,1.75,1300,21000,1,0,0,4,1300,0,1969,0,32838 38th Ave S,Federal Way,WA 98001,USA
09/06/14 0:00,234999,3,1,1330,8912,1,0,0,3,1330,0,1948,1994,4725 S 172nd St,SeaTac,WA 98188,USA
09/06/14 0:00,265000,2,1,1000,31505,1,0,0,3,1000,0,1960,2012,32823 NE 195th St,Duvall,WA 98019,USA
09/06/14 0:00,367300,4,2.75,2190,14937,2,0,0,3,2190,0,1993,0,4816 S 277th Pl,Auburn,WA 98001,USA
09/06/14 0:00,550000,3,1.75,1380,3402,1.5,0,0,3,1380,0,1900,2000,929 24th Ave,Seattle,WA 98122,USA
09/06/14 0:00,743700,4,2.5,2610,33206,2,0,0,3,2610,0,1988,2000,21306 NE 69th Ct,Redmond,WA 98053,USA
09/06/14 0:00,352750,2,1.75,1060,1241,2,0,0,3,960,100,2008,0,323 25th Ave S,Seattle,WA 98144,USA
09/06/14 0:00,403950,2,1,710,1136,2,0,0,4,710,0,1943,0,2360 Fairview Ave E,Seattle,WA 98102,USA
09/06/14 0:00,980000,4,2.5,2730,4800,1.5,0,0,5,2230,500,1909,1988,2518 1st Ave W,Seattle,WA 98119,USA
09/06/14 0:00,585000,4,1.75,2470,131790,2,0,2,3,2470,0,1937,1999,18206 McLean Rd SW,Vashon,WA 98070,USA
09/06/14 0:00,554000,3,1.75,1760,10780,1,0,0,3,1760,0,1977,2004,1829 140th Ave SE,Bellevue,WA 98005,USA
09/06/14 0:00,546000,3,2.5,1530,3464,2,0,0,3,1530,0,1998,2006,15004 NE 8th Pl,Bellevue,WA 98007,USA
09/06/14 0:00,280000,2,1.75,1610,158558,1.5,0,0,2,1610,0,1948,0,7704 376th Ave SE,Snoqualmie,WA 98065,USA
09/06/14 0:00,212500,2,2,1030,21712,1,0,0,4,1030,0,1938,0,12450 2nd Ave S,Seattle,WA 98168,USA
09/06/14 0:00,739000,4,2.5,2800,246114,2,0,0,3,2800,0,1999,0,6209 284th Way NE,Carnation,WA 98014,USA
09/06/14 0:00,428000,3,2,1310,2550,1,0,0,3,780,530,1986,0,8519 Fremont Ave N,Seattle,WA 98103,USA
09/06/14 0:00,965000,4,2.25,3160,34560,1,0,0,4,3160,0,1981,0,14461 156th Ave NE,Woodinville,WA 98072,USA
09/06/14 0:00,364900,3,3,2500,8304,2,0,0,3,2500,0,1997,0,13124 SE 223rd Ct,Kent,WA 98031,USA
09/06/14 0:00,559000,3,1.5,2070,5386,1,0,0,4,1140,930,1948,0,8328 14th Ave NW,Seattle,WA 98117,USA
09/06/14 0:00,213000,4,1.75,1980,9000,1,0,0,2,1480,500,1978,0,32835 38th Ct SW,Federal Way,WA 98023,USA
09/06/14 0:00,620000,3,2.5,2590,7237,2,0,0,3,2590,0,2004,2003,11331 19th Ave NE,Seattle,WA 98125,USA
09/06/14 0:00,240000,4,1,1910,16320,1.5,0,0,3,1910,0,1934,1978,9817 26th Ave SW,Seattle,WA 98106,USA
09/06/14 0:00,852500,3,2.5,2630,10100,1,0,0,4,1580,1050,1967,0,14008 SE 45th Ct,Bellevue,WA 98006,USA
09/06/14 0:00,600000,3,2.5,2630,77972,2,0,0,3,2630,0,2004,2003,31611 NE Cherry Valley Rd,Duvall,WA 98019,USA
09/06/14 0:00,410000,3,2.5,1960,4400,2,0,0,3,1960,0,2006,0,33823 SE Odell St,Snoqualmie,WA 98065,USA
09/06/14 0:00,328000,3,1.75,1440,45302,2,0,0,3,1440,0,1977,2004,31720 NE 123rd St,Duvall,WA 98019,USA
09/06/14 0:00,625000,3,1.75,2210,16200,1,0,0,3,1390,820,1958,2004,2022 123rd Ave SE,Bellevue,WA 98005,USA
09/06/14 0:00,649950,4,2.5,2350,63162,2,0,0,4,2350,0,1994,0,21601-21799 NE 175th St,Woodinville,WA 98077,USA
09/06/14 0:00,235000,3,1,1590,13000,1.5,0,0,3,1590,0,1944,0,13726-13736 8th Ave SW,Burien,WA 98166,USA
09/06/14 0:00,489000,3,3.5,1500,1249,2,0,0,3,1240,260,2004,2003,6008 14th Ave NW,Seattle,WA 98107,USA
09/06/14 0:00,536000,3,2.5,1900,6224,2,0,0,3,1900,0,2005,0,1706 251st Pl SE,Sammamish,WA 98075,USA
09/06/14 0:00,400000,4,3.5,2370,3692,2.5,0,0,3,2370,0,2013,1923,3704 NE 14th St,Renton,WA 98056,USA
09/06/14 0:00,398000,3,2.5,1720,1715,2,0,0,3,1240,480,2004,2003,6006 41st Ave SW,Seattle,WA 98136,USA
09/06/14 0:00,379000,4,1.5,2020,7560,1,0,0,4,2020,0,1960,2001,11303 146th Ave SE,Renton,WA 98059,USA
09/06/14 0:00,345000,2,1.5,1340,1210,2,0,0,3,1120,220,2008,0,1718-1748 21st Ave S,Seattle,WA 98144,USA
09/06/14 0:00,365000,3,2.5,1800,2700,2,0,0,3,1800,0,2011,0,2803 SW Bataan St,Seattle,WA 98126,USA
09/06/14 0:00,315000,3,2.5,1480,1590,2,0,0,3,1150,330,2010,0,2202 SW Elmgrove St,Seattle,WA 98106,USA
10/06/14 0:00,571000,4,2,2750,7807,1.5,0,0,5,2250,500,1916,0,12042 38th Ave NE,Seattle,WA 98125,USA
10/06/14 0:00,1025000,5,4,3760,28040,2,0,0,3,3760,0,1983,2009,4143 118th Ave NE,Kirkland,WA 98033,USA
10/06/14 0:00,695000,3,2.75,2540,4694,2,0,0,3,2540,0,2005,0,1306 236th Pl NE,Sammamish,WA 98074,USA
10/06/14 0:00,225000,3,1.75,1760,26055,1,0,0,3,920,840,1979,2014,18035 SE 262nd Pl,Covington,WA 98042,USA
10/06/14 0:00,740000,3,2.5,3000,25341,2,0,0,3,3000,0,1995,0,7617 245th Way NE,Redmond,WA 98053,USA
10/06/14 0:00,315000,4,2.5,1930,9643,2,0,0,4,1930,0,1992,0,12108 SE 218th Pl,Kent,WA 98031,USA
10/06/14 0:00,1230000,4,2.5,3040,7000,2,0,0,3,3040,0,2001,0,7024 SE 20th St,Mercer Island,WA 98040,USA
10/06/14 0:00,420000,2,1,860,3880,1,0,0,4,860,0,1916,0,7743 27th Ave NW,Seattle,WA 98117,USA
10/06/14 0:00,310000,3,1.75,1420,7650,1,0,0,4,1100,320,1984,0,2714 NE 4th Ct,Renton,WA 98056,USA
10/06/14 0:00,700000,3,2,2080,3880,1,0,0,5,1160,920,1954,0,7735 27th Ave NW,Seattle,WA 98117,USA
10/06/14 0:00,269000,3,2.5,1560,4200,2,0,0,3,1560,0,2003,0,23620 SE 243rd Pl,Maple Valley,WA 98038,USA
10/06/14 0:00,369990,4,2.5,1960,7133,2,0,0,3,1960,0,2002,0,2125 NE 6th Cir,Renton,WA 98056,USA
10/06/14 0:00,800000,3,2.25,1620,4500,2,0,0,4,1620,0,1926,1993,2565-2599 3rd Ave W,Seattle,WA 98119,USA
10/06/14 0:00,569000,5,3,3670,10583,1,0,0,5,2060,1610,1952,1998,5011 NE 180th St,Lake Forest Park,WA 98155,USA
10/06/14 0:00,175000,6,1.5,1930,8400,1,0,0,3,1030,900,1971,0,416 SW 130th St,Burien,WA 98146,USA
10/06/14 0:00,440000,3,1.5,1290,1286,3,0,0,3,1290,0,2000,0,4507 Linden Ave N,Seattle,WA 98103,USA
10/06/14 0:00,435000,5,2.25,1970,15247,1,0,0,3,1450,520,1986,0,4309 327th Pl SE,Fall City,WA 98024,USA
10/06/14 0:00,345000,3,1.75,1540,6909,1,0,0,4,920,620,1955,2009,16000-16098 15th Ave NE,Shoreline,WA 98155,USA
10/06/14 0:00,558000,4,2,2180,3870,1,0,0,3,1020,1160,1900,2005,729 23rd Ave,Seattle,WA 98122,USA
10/06/14 0:00,475000,2,1.75,1490,224334,1,0,2,3,1490,0,1983,2009,5050-5132 Foster Ave SE,Auburn,WA 98092,USA
10/06/14 0:00,490000,3,2,2220,10275,2,0,0,3,1640,580,1980,0,15 Mt Pilchuck Ave NW,Issaquah,WA 98027,USA
10/06/14 0:00,335000,3,1.75,2430,9133,1,0,0,4,1410,1020,1978,2000,4618 NE 22nd Pl,Renton,WA 98059,USA
10/06/14 0:00,350000,2,0.75,1392,43710,1.5,0,0,4,1392,0,1978,2000,17404 94th Ave SW,Vashon,WA 98070,USA
10/06/14 0:00,100000,4,1,1120,2685,1,0,0,3,860,260,1939,1969,1006 N 5th St,Renton,WA 98057,USA
10/06/14 0:00,417500,4,1,1390,10800,1.5,0,0,4,1390,0,1941,1998,115 NW 132nd St,Seattle,WA 98177,USA
10/06/14 0:00,253000,3,1.75,2040,7281,1,0,0,3,1020,1020,1962,2003,4056 S 151st St,Tukwila,WA 98188,USA
10/06/14 0:00,1240000,5,3,2830,7500,2,0,0,3,2460,370,1923,1998,4007 48th Ave NE,Seattle,WA 98105,USA
10/06/14 0:00,490000,4,2.5,3020,8302,2,0,0,4,3020,0,1994,0,26529 161st Ave SE,Covington,WA 98042,USA
10/06/14 0:00,470000,3,1.75,2290,14800,1,0,0,3,1620,670,1965,1993,5319 NE 201st Pl,Lake Forest Park,WA 98155,USA
10/06/14 0:00,483300,4,2,1210,11100,1,0,0,4,1210,0,1955,2009,3911 147th Ave SE,Bellevue,WA 98006,USA
10/06/14 0:00,659000,3,2.5,2510,6320,2,0,0,3,2510,0,1996,0,2651 230th Ave SE,Sammamish,WA 98075,USA
10/06/14 0:00,480000,4,1.75,2320,4322,1,0,0,3,1140,1180,1910,2006,3149 35th Ave S,Seattle,WA 98144,USA
10/06/14 0:00,165000,3,1,970,6600,1,0,0,3,970,0,1965,1993,13240 Occidental Ave S,Burien,WA 98168,USA
10/06/14 0:00,659500,3,1.75,1820,5500,1,0,0,4,1620,200,1957,2001,4115 NE 62nd St,Seattle,WA 98115,USA
10/06/14 0:00,219900,3,1,970,7742,1,0,0,4,970,0,1967,0,31716 6th Ave S,Federal Way,WA 98003,USA
10/06/14 0:00,315000,2,1,1740,3622,1,0,0,4,950,790,1924,0,5237 Martin Luther King Jr Way S,Seattle,WA 98118,USA
10/06/14 0:00,250000,3,1.75,1590,7560,1,0,0,3,1130,460,1984,0,12033 SE 223rd Dr,Kent,WA 98031,USA
10/06/14 0:00,268000,2,1,1380,5000,1,0,0,3,870,510,1943,2002,3010 S Holden St,Seattle,WA 98108,USA
10/06/14 0:00,380000,4,1.5,1680,11123,1,0,0,3,1130,550,1959,1989,236 NW 176th Pl,Shoreline,WA 98177,USA
10/06/14 0:00,499000,2,1,1220,3000,1,0,0,3,920,300,1926,2003,637 NW 74th St,Seattle,WA 98117,USA
10/06/14 0:00,285000,2,2,1651,18200,1,0,0,3,1651,0,1946,0,15923 Vashon Hwy SW,Vashon,WA 98070,USA
10/06/14 0:00,183000,3,1.75,1330,9200,1,0,0,4,1330,0,1973,0,3301 20th St SE,Auburn,WA 98092,USA
10/06/14 0:00,1070000,3,3,2940,4622,2,0,0,4,2230,710,1988,0,4814 University View Pl NE,Seattle,WA 98105,USA
10/06/14 0:00,429000,3,3.25,1410,1246,3,0,0,3,1410,0,2005,0,9507 Ashworth Ave N,Seattle,WA 98103,USA
10/06/14 0:00,403000,2,1,1100,3598,1,0,0,4,1100,0,1926,1993,3242 15th Ave S,Seattle,WA 98144,USA
10/06/14 0:00,375500,3,1.5,1530,7200,1,0,0,3,1530,0,1975,0,3005 NE 194th St,Lake Forest Park,WA 98155,USA
10/06/14 0:00,1795000,5,3.25,5270,17232,2,0,1,3,4010,1260,1977,2003,5355 84th Pl SE,Mercer Island,WA 98040,USA
10/06/14 0:00,516200,3,2,2110,5150,1,0,0,5,1080,1030,1919,1934,4836 S Findlay St,Seattle,WA 98118,USA
10/06/14 0:00,385000,4,1.75,1720,8750,1,0,0,3,860,860,1971,0,9813 NE 140th St,Kirkland,WA 98034,USA
10/06/14 0:00,515000,3,2.5,1800,5001,2,0,0,3,1800,0,1996,0,8230 NE 125th Ct,Kirkland,WA 98034,USA
10/06/14 0:00,375000,4,2.5,2210,9427,2,0,0,3,2210,0,1999,0,475 S 190th St,Burien,WA 98148,USA
10/06/14 0:00,650000,4,2.25,2560,9731,2,0,0,4,2560,0,1973,0,7014 NE 139th St,Kirkland,WA 98034,USA
10/06/14 0:00,306888,2,1.5,1010,7719,2,0,0,3,1010,0,1981,2013,2314 Blaine Ave NE,Renton,WA 98056,USA
10/06/14 0:00,870000,4,2.5,3340,12248,2,0,1,3,2470,870,1998,2006,1919 Fairmount Ave SW,Seattle,WA 98126,USA
10/06/14 0:00,310000,4,1,1740,11075,1.5,0,0,3,1740,0,1965,1993,2109 N 161st Pl,Shoreline,WA 98133,USA
10/06/14 0:00,251750,3,2,1320,7200,1,0,0,5,1320,0,1975,0,12526 SE 232nd St,Kent,WA 98031,USA
10/06/14 0:00,366000,3,1.75,1520,8625,1,0,0,3,1520,0,1976,0,19223 89th Ave NE,Bothell,WA 98011,USA
10/06/14 0:00,429950,3,1.5,2010,9480,1,0,0,3,1570,440,1951,1994,11049 Sand Point Way NE,Seattle,WA 98125,USA
10/06/14 0:00,710000,3,3.5,2440,3427,2,0,0,3,1990,450,2000,0,2469 132nd Ave SE,Bellevue,WA 98005,USA
10/06/14 0:00,895000,5,2.5,2550,20875,1,0,0,4,1610,940,1953,1983,11034 NE 26th Pl,Bellevue,WA 98004,USA
10/06/14 0:00,149500,3,1,1010,9450,1,0,0,4,1010,0,1959,0,27019 15th Ave S,Des Moines,WA 98198,USA
10/06/14 0:00,310000,3,2.5,1780,6771,1,0,0,3,1230,550,1990,2009,8833 14th Ave SW,Seattle,WA 98106,USA
10/06/14 0:00,555000,3,2,2180,4976,1.5,0,2,4,1680,500,1930,0,3763 SW Hinds St,Seattle,WA 98126,USA
10/06/14 0:00,750000,5,3.25,2750,7500,2,0,1,3,2150,600,1937,1997,10237 NE 64th St,Kirkland,WA 98033,USA
10/06/14 0:00,745000,4,3.25,3490,7024,2,0,0,3,3490,0,2006,0,27520 SE 28th Ct,Sammamish,WA 98075,USA
10/06/14 0:00,695000,3,2.5,2550,45254,2,0,0,3,2550,0,2001,0,4792-4798 281st Ave NE,Redmond,WA 98053,USA
10/06/14 0:00,433000,3,1.75,1870,7189,1,0,0,3,1270,600,1959,1989,6811 51st Ave S,Seattle,WA 98118,USA
10/06/14 0:00,307000,4,1,1150,8184,1.5,0,0,3,1150,0,1947,2012,15562 9th Ave NE,Shoreline,WA 98155,USA
10/06/14 0:00,655275,3,1.75,2050,11856,1,0,0,3,1460,590,1962,2003,4040 134th Ave SE,Bellevue,WA 98006,USA
10/06/14 0:00,392000,4,2.75,1940,6555,2,0,0,3,1940,0,1990,2009,25804-25810 Lake Wilderness Country Club Dr SE,Maple Valley,WA 98038,USA
10/06/14 0:00,1180000,5,3.75,3630,6000,1.5,0,0,3,2470,1160,2004,2003,810 5th St,Kirkland,WA 98033,USA
10/06/14 0:00,359950,3,1.75,1890,9100,2,0,0,4,1890,0,1952,0,1633 N 192nd St,Shoreline,WA 98133,USA
10/06/14 0:00,360000,4,2,1630,10375,1,0,0,5,1630,0,1968,0,17602 197th Pl NE,Woodinville,WA 98077,USA
10/06/14 0:00,566000,4,1.75,2440,5000,1,0,0,3,1340,1100,1954,2005,7328 12th Ave NW,Seattle,WA 98117,USA
10/06/14 0:00,700000,5,2.75,3100,9825,2,0,2,4,3100,0,1950,1982,4251 NE 125th St,Seattle,WA 98125,USA
10/06/14 0:00,415000,3,2.5,2090,6045,2,0,0,3,2090,0,2000,0,3307 NE 7th St,Renton,WA 98056,USA
10/06/14 0:00,199500,3,1,920,9812,1,0,0,4,920,0,1962,0,34021 40th Ave S,Auburn,WA 98001,USA
10/06/14 0:00,749000,3,1,1580,5000,1.5,0,0,3,1580,0,1926,2003,7526 Jones Ave NW,Seattle,WA 98117,USA
10/06/14 0:00,680000,3,1.75,1760,8400,1,0,0,4,1460,300,1960,2001,7510 45th Ave SW,Seattle,WA 98136,USA
10/06/14 0:00,400000,4,2.5,2530,7563,1,0,0,3,1440,1090,1978,0,9808 NE 204th Pl,Bothell,WA 98011,USA
10/06/14 0:00,608000,4,2.75,2490,9714,1,0,0,4,1400,1090,1983,0,10500-10598 NE 168th St,Bothell,WA 98011,USA
10/06/14 0:00,589900,4,4.5,3870,35889,2,0,0,3,2530,1340,2001,0,24718 SE Mirrormont Dr,Issaquah,WA 98027,USA
10/06/14 0:00,480000,5,2.5,2732,9500,1,0,2,4,1870,862,1975,0,1006 S 286th Pl,Federal Way,WA 98003,USA
10/06/14 0:00,1059500,5,3.25,3230,3825,2,0,0,3,2480,750,2014,0,6729 Earl Ave NW,Seattle,WA 98117,USA
10/06/14 0:00,915000,6,3.75,2930,14980,2,0,3,3,2930,0,2013,1923,6478 167th Ln SE,Bellevue,WA 98006,USA
10/06/14 0:00,695000,4,3.5,3510,9364,2,0,0,3,3510,0,2001,0,34809 SE Garden Ct,Snoqualmie,WA 98065,USA
10/06/14 0:00,899900,4,2.5,2580,3909,2,0,0,3,2580,0,2013,1923,1235 Market St,Kirkland,WA 98033,USA
10/06/14 0:00,499950,2,2.25,1060,1208,2,0,0,3,940,120,2005,0,2008 Yale Ave E,Seattle,WA 98102,USA
10/06/14 0:00,533112,4,2.75,2790,8853,2,0,0,3,2790,0,2013,1923,1030 SE 10th St,North Bend,WA 98045,USA
10/06/14 0:00,303210,4,2.5,2009,5000,2,0,0,3,2009,0,2014,0,2411 57th St SE,Auburn,WA 98092,USA
10/06/14 0:00,525000,5,2.75,2880,8364,2,0,0,3,2880,0,2006,0,407 Kitsap Ave NE,Renton,WA 98059,USA
10/06/14 0:00,399950,2,1,710,1157,2,0,0,4,710,0,1943,0,2358 Fairview Ave E,Seattle,WA 98102,USA
11/06/14 0:00,850830,3,2.5,2070,13241,1.5,0,0,5,1270,800,1910,0,2505 Boyer Ave E,Seattle,WA 98102,USA
11/06/14 0:00,371500,3,2,1370,8336,1,0,0,5,1370,0,1964,0,2320 N 161st St,Shoreline,WA 98133,USA
11/06/14 0:00,522000,3,1.75,1730,8400,1,0,0,4,1400,330,1980,0,8605 169th Ct NE,Redmond,WA 98052,USA
11/06/14 0:00,588000,4,2,1680,5000,1,0,0,3,980,700,1950,2005,7734 39th Ave NE,Seattle,WA 98115,USA
11/06/14 0:00,276900,2,1,1350,10096,1,0,2,4,1350,0,1952,0,428 Orchard Ave NE,North Bend,WA 98045,USA
11/06/14 0:00,248000,5,1.5,1510,9078,1,0,0,4,1510,0,1959,0,2052 S 132nd St,SeaTac,WA 98168,USA
11/06/14 0:00,280000,3,2.5,1860,6607,2,0,0,3,1860,0,1989,0,1206 SW 349th St,Federal Way,WA 98023,USA
11/06/14 0:00,495000,6,5,3440,4500,2,0,0,3,3280,160,2007,0,321 Hardie Ave NW,Renton,WA 98057,USA
11/06/14 0:00,665000,6,3,4250,4400,2.5,0,0,4,3020,1230,1902,0,3907 S Edmunds St,Seattle,WA 98118,USA
11/06/14 0:00,290300,2,1,860,3874,1,0,0,4,860,0,1931,0,915 N 1st St,Renton,WA 98057,USA
11/06/14 0:00,527000,2,1.75,1640,4080,1,0,0,3,840,800,1921,2000,4746 Thackeray Pl NE,Seattle,WA 98105,USA
11/06/14 0:00,487028,2,1.5,1295,1093,2,0,0,3,1105,190,2007,0,2514 E Denny Way,Seattle,WA 98122,USA
11/06/14 0:00,325000,3,1.75,1790,27427,1,0,0,3,1130,660,1978,0,43404 SE 76th St,Snoqualmie,WA 98065,USA
11/06/14 0:00,799000,3,1.5,2210,6300,1.5,0,0,5,2210,0,1916,0,1422 33rd Ave S,Seattle,WA 98144,USA
11/06/14 0:00,7062500,5,4.5,10040,37325,2,1,2,3,7680,2360,1940,2001,4442 95th Ave NE,Bellevue,WA 98004,USA
11/06/14 0:00,354000,3,1,940,10368,1,0,0,3,940,0,1965,1993,15550 NE 60th St,Redmond,WA 98052,USA
11/06/14 0:00,262500,3,1.5,1160,8906,1,0,0,3,1160,0,1962,2003,7327 33rd Ave S,Seattle,WA 98118,USA
11/06/14 0:00,560200,3,2.5,1990,3984,2,0,0,3,1990,0,2004,2003,24134 SE 20th St,Sammamish,WA 98075,USA
11/06/14 0:00,220000,3,1,1050,6300,1,0,0,3,1050,0,1942,1999,10102 33rd Ave SW,Seattle,WA 98146,USA
11/06/14 0:00,650000,2,1,1030,5750,1,0,0,5,1030,0,1928,1970,1923 46th Ave SW,Seattle,WA 98116,USA
11/06/14 0:00,435000,3,2.5,1420,2581,3,0,0,3,1420,0,2004,2003,136 N 101st St,Seattle,WA 98133,USA
11/06/14 0:00,800000,4,3.75,2690,4000,2,0,3,4,2120,570,1909,1989,2537 11th Ave W,Seattle,WA 98119,USA
11/06/14 0:00,1010000,4,2.5,3760,29224,2,0,0,3,3760,0,1987,2000,15736 NE 134th St,Redmond,WA 98052,USA
11/06/14 0:00,200000,2,1,700,4700,1,0,0,5,700,0,1953,0,751 Redmond Ave NE,Renton,WA 98056,USA
11/06/14 0:00,295000,5,3.5,2100,5107,2,0,0,3,1410,690,1999,0,10026 61st Ave S,Seattle,WA 98178,USA
11/06/14 0:00,580379,4,2.75,2240,27820,1.5,0,0,4,2240,0,1976,1992,21404 SE 19th St,Sammamish,WA 98075,USA
11/06/14 0:00,875000,4,2.5,3470,32109,2,0,0,3,3470,0,1995,0,22618 NE 143rd Ct,Woodinville,WA 98077,USA
11/06/14 0:00,515000,3,2.5,3370,19585,2,0,0,3,3200,170,1951,1994,15043 Densmore Ave N,Shoreline,WA 98133,USA
11/06/14 0:00,599000,4,2.5,2790,230868,2,0,0,3,2790,0,1989,0,18905 240th Ave NE,Woodinville,WA 98077,USA
11/06/14 0:00,285000,3,2.5,1870,4060,2,0,0,3,1870,0,2005,0,13303 SE 227th St,Kent,WA 98042,USA
11/06/14 0:00,290000,3,1.75,1520,15090,1,0,0,4,1520,0,1968,0,28515 SE 228th St,Maple Valley,WA 98038,USA
11/06/14 0:00,355000,1,1.75,750,20339,1,0,0,4,550,200,1946,1989,14128 W Lake Kathleen Dr SE,Renton,WA 98059,USA
11/06/14 0:00,381000,3,1.5,1460,11407,1,0,0,3,1460,0,1954,2005,16044 33rd Ave NE,Lake Forest Park,WA 98155,USA
11/06/14 0:00,571000,3,2.5,2600,7465,2,0,0,3,2600,0,1988,2000,15201 93rd Pl NE,Bothell,WA 98011,USA
11/06/14 0:00,852600,4,2.5,3320,11901,2,0,0,5,2650,670,1977,0,5334-5394 134th Ave SE,Bellevue,WA 98006,USA
11/06/14 0:00,1085000,5,2.5,2340,6000,2,0,0,4,2340,0,1922,0,3107 37th Pl S,Seattle,WA 98144,USA
11/06/14 0:00,371000,3,1,890,7200,1,0,0,3,890,0,1951,1994,3843 NE 113th St,Seattle,WA 98125,USA
11/06/14 0:00,514000,3,1.75,1720,5899,1,0,1,3,1220,500,1986,0,4052 SW Myrtle St,Seattle,WA 98136,USA
11/06/14 0:00,386000,3,1.5,1270,1318,2,0,0,3,1080,190,2004,2003,3613 Gilman Ave W,Seattle,WA 98199,USA
11/06/14 0:00,464000,4,2.5,2180,7203,2,0,0,4,2180,0,1989,0,5055 NE 23rd St,Renton,WA 98059,USA
11/06/14 0:00,335000,4,2.25,2030,13500,1,0,0,3,1230,800,1963,2008,20532 SE 159th St,Renton,WA 98059,USA
11/06/14 0:00,740000,4,2.75,2490,17833,2,0,2,3,1490,1000,1979,2014,12537 41st Ave NE,Seattle,WA 98125,USA
11/06/14 0:00,465000,4,1.75,1470,5350,1,0,0,3,980,490,1955,2005,10424 12th Ave NE,Seattle,WA 98125,USA
11/06/14 0:00,700000,3,2.75,2500,7378,1,0,0,5,1390,1110,1948,1985,10050 11th Ave NW,Seattle,WA 98177,USA
11/06/14 0:00,785000,3,3.5,4500,21870,2,0,0,3,4500,0,2004,2003,13528 SE 333rd Pl,Auburn,WA 98092,USA
11/06/14 0:00,350000,3,3.25,1460,1592,2,0,0,3,1130,330,2006,0,6003 Lanham Pl SW,Seattle,WA 98126,USA
11/06/14 0:00,148000,1,1,620,8261,1,0,0,3,620,0,1939,1969,9854 25th Ave SW,Seattle,WA 98106,USA
11/06/14 0:00,530000,3,1.75,1550,3680,1,0,0,3,1050,500,1927,2011,209 NW 73rd St,Seattle,WA 98117,USA
11/06/14 0:00,349000,3,2.5,1430,1002,3,0,0,3,1430,0,2002,0,720 N 95th St,Seattle,WA 98103,USA
11/06/14 0:00,240000,3,1.5,1360,9760,1.5,0,0,5,1360,0,1984,0,43712 SE 150th St,North Bend,WA 98045,USA
11/06/14 0:00,330000,3,2.5,2210,7557,2,0,0,3,2210,0,1989,0,32739 47th Ave SW,Federal Way,WA 98023,USA
11/06/14 0:00,735000,4,1.75,2460,5100,1.5,0,0,5,1450,1010,1909,1988,6815 26th Ave NE,Seattle,WA 98115,USA
11/06/14 0:00,545000,3,2.5,2180,15693,1,0,0,4,1850,330,1979,0,1801 193rd Ave SE,Sammamish,WA 98075,USA
11/06/14 0:00,214950,3,1.75,1570,4875,1,0,0,4,1310,260,1977,0,26712 186th Ave SE,Covington,WA 98042,USA
11/06/14 0:00,657500,4,2.75,4140,24190,2,0,0,3,4140,0,2002,0,32927 143rd Ct SE,Auburn,WA 98092,USA
11/06/14 0:00,476000,3,1,1140,5500,1.5,0,0,4,1140,0,1908,0,4415 29th Ave W,Seattle,WA 98199,USA
11/06/14 0:00,2888000,5,6.25,8670,64033,2,0,4,3,6120,2550,1965,2003,1291 NW Elford Dr,Seattle,WA 98177,USA
11/06/14 0:00,110000,2,1,800,15000,1,0,0,3,800,0,1927,2011,12231 14th Ave S,Seattle,WA 98168,USA
11/06/14 0:00,292000,4,2.75,2414,7693,2,0,0,3,2414,0,2006,0,315 F St SE,Auburn,WA 98002,USA
11/06/14 0:00,317000,3,1,1160,8813,1,0,0,3,1160,0,1952,2008,13319 1st Ave NE,Seattle,WA 98125,USA
11/06/14 0:00,455000,4,2.5,3170,10688,2,0,2,3,3170,0,2001,0,1118 U St NW,Auburn,WA 98001,USA
11/06/14 0:00,1365000,5,3.5,4210,17258,2,0,3,3,4210,0,1995,0,5564 169th Pl SE,Bellevue,WA 98006,USA
11/06/14 0:00,460000,3,2,2060,4437,1,0,0,3,1030,1030,1929,0,3720 35th Ave SW,Seattle,WA 98126,USA
11/06/14 0:00,405000,3,2,1640,7201,1,0,0,3,1640,0,1948,1994,12711 37th Ave NE,Seattle,WA 98125,USA
11/06/14 0:00,333000,2,1,720,6686,1,0,0,3,720,0,1942,1999,9716 4th Ave NW,Seattle,WA 98117,USA
11/06/14 0:00,427000,4,1,1860,4736,1.5,0,0,1,1860,0,1901,0,2411-2499 E Roy St,Seattle,WA 98112,USA
11/06/14 0:00,742000,4,2.5,2810,10986,2,0,0,3,2810,0,1997,0,1755 268th Pl SE,Sammamish,WA 98075,USA
11/06/14 0:00,465000,4,2.5,2090,9702,1,0,0,5,1320,770,1965,0,16135 Densmore Ave N,Shoreline,WA 98133,USA
11/06/14 0:00,809950,4,2.5,3280,6181,2,0,0,3,3280,0,2001,0,19199 NE 43rd Ct,Sammamish,WA 98074,USA
11/06/14 0:00,619400,4,2,2090,3610,1.5,0,0,5,1790,300,1927,0,8044 14th Avenue Northeast,Seattle,WA 98115,USA
11/06/14 0:00,762400,3,1.75,2430,14607,1,0,1,3,1230,1200,1949,1970,4854 E Mercer Way,Mercer Island,WA 98040,USA
11/06/14 0:00,535000,5,2.25,2520,49222,2,0,0,4,2520,0,1978,2000,20645 SE 123rd St,Issaquah,WA 98027,USA
11/06/14 0:00,881000,5,3,2510,4125,1.5,0,3,5,1590,920,1925,0,540 33rd Ave S,Seattle,WA 98144,USA
11/06/14 0:00,813000,4,2.75,3370,6675,1,0,3,4,1920,1450,1948,0,1501 33rd Ave S,Seattle,WA 98144,USA
11/06/14 0:00,234000,3,2,1640,5280,1.5,0,0,5,1640,0,1910,0,28 M St NE,Auburn,WA 98002,USA
11/06/14 0:00,308900,3,2.5,2250,7294,2,0,0,3,2250,0,1994,0,5006 Highland Dr SE,Auburn,WA 98092,USA
11/06/14 0:00,450000,4,2.5,2300,19250,1,0,0,4,2300,0,1955,2009,13406 423rd Ave SE,North Bend,WA 98045,USA
11/06/14 0:00,547500,3,3.5,1650,2262,3,0,0,3,1650,0,2010,0,769 N 74th St,Seattle,WA 98103,USA
11/06/14 0:00,399950,2,1,710,1131,2,0,0,4,710,0,1943,0,2358 Fairview Ave E,Seattle,WA 98102,USA
11/06/14 0:00,516000,4,3.5,2550,8698,2,0,0,3,2550,0,2007,0,8816 Venn Ave SE,Snoqualmie,WA 98065,USA
11/06/14 0:00,250000,2,1.5,982,846,2,0,0,3,806,176,2006,0,10217 Aurora Ave N,Seattle,WA 98133,USA
11/06/14 0:00,475000,3,2.25,1630,2520,2,0,0,3,1630,0,2005,0,2009 25th Ave NE,Issaquah,WA 98029,USA
11/06/14 0:00,415000,4,2.5,2550,4500,2,0,0,3,2550,0,2009,0,564 Field Pl NE,Renton,WA 98059,USA
11/06/14 0:00,545000,2,1.25,1240,2150,2,0,0,3,1240,0,2014,0,8050 14th Ave NW,Seattle,WA 98117,USA
11/06/14 0:00,329950,3,2.5,2456,7566,2,0,0,3,2456,0,2012,1912,33800-33998 12th Pl SW,Federal Way,WA 98023,USA
12/06/14 0:00,1325000,5,2.25,3200,20158,1,0,0,3,1600,1600,1965,1993,2154-2398 94th Ave NE,Clyde Hill,WA 98004,USA
12/06/14 0:00,784000,3,3.5,3950,111078,1.5,0,0,3,2460,1490,1989,0,19851 NE Redmond Rd,Redmond,WA 98053,USA
12/06/14 0:00,610750,4,2.25,2180,7297,2,0,0,3,2180,0,1984,0,21132 NE 42nd St,Sammamish,WA 98074,USA
12/06/14 0:00,578000,4,2.5,3140,9225,1,0,2,5,1770,1370,1966,0,540 Raymond Pl NW,Renton,WA 98057,USA
12/06/14 0:00,1485000,4,3.75,4030,10800,2,0,0,3,4030,0,2006,0,619 9th Ave,Kirkland,WA 98033,USA
12/06/14 0:00,501000,3,1.75,1970,7972,1,0,3,5,1370,600,1976,0,8600-8604 NW 5th St,Renton,WA 98057,USA
12/06/14 0:00,465250,5,2,1940,7642,1.5,0,0,3,1940,0,1957,2000,20028 18th Ave NW,Shoreline,WA 98177,USA
12/06/14 0:00,2250000,5,4.25,4860,9453,1.5,0,1,5,3100,1760,1905,0,173 37th Ave E,Seattle,WA 98112,USA
12/06/14 0:00,1095000,0,0,3064,4764,3.5,0,2,3,3064,0,1990,2009,814 E Howe St,Seattle,WA 98102,USA
12/06/14 0:00,315000,2,1,970,5665,1,0,0,4,970,0,1908,0,4726 S Orcas St,Seattle,WA 98118,USA
12/06/14 0:00,900000,4,2.25,2460,44431,1,0,0,4,2460,0,1957,2001,539 145th Ave SE,Bellevue,WA 98007,USA
12/06/14 0:00,789500,4,2.5,3010,6100,2,0,0,3,3010,0,2005,0,6466 195th Pl NE,Redmond,WA 98052,USA
12/06/14 0:00,678500,3,2,2460,6600,1,0,2,4,1370,1090,1952,0,9108 40th Ave SW,Seattle,WA 98136,USA
12/06/14 0:00,342500,3,2,2080,11375,1,0,0,3,2080,0,2002,0,3322 261st Pl SE,Enumclaw,WA 98022,USA
12/06/14 0:00,860000,4,3.25,3960,7012,2,0,0,3,3960,0,2005,0,19454 SE 27th Pl,Sammamish,WA 98075,USA
12/06/14 0:00,306000,4,2.5,2490,8124,2,0,0,3,2490,0,2001,0,29742 129th Pl SE,Auburn,WA 98092,USA
12/06/14 0:00,580000,5,2,2060,6000,2,0,0,3,2060,0,1903,2005,2107 NE 55th St,Seattle,WA 98105,USA
12/06/14 0:00,405000,3,1,1330,15678,1,0,0,3,900,430,1984,0,3009 229th Pl NE,Sammamish,WA 98074,USA
12/06/14 0:00,510000,3,1.75,1600,19200,1,0,0,4,1600,0,1967,0,13304 69th Ave NE,Kirkland,WA 98034,USA
12/06/14 0:00,173000,2,1,820,10450,1,0,0,4,820,0,1965,0,10635 SE 196th St,Renton,WA 98055,USA
12/06/14 0:00,210000,4,1.75,1200,7680,1,0,0,3,1200,0,1968,1997,32113 112th Pl SE,Auburn,WA 98092,USA
12/06/14 0:00,445000,3,1,1050,5664,1,0,0,4,910,140,1947,1988,8244 40th Ave NE,Seattle,WA 98115,USA
12/06/14 0:00,585000,3,2.5,1910,1501,2.5,0,0,3,1530,380,2007,0,2637 22nd Ave W,Seattle,WA 98199,USA
12/06/14 0:00,381000,3,1.75,1800,6000,1,0,0,5,900,900,1950,0,1115 NE 168th St,Shoreline,WA 98155,USA
12/06/14 0:00,890000,3,2.25,2060,8640,1,0,0,4,2060,0,1966,0,4810 109th Ave NE,Kirkland,WA 98033,USA
12/06/14 0:00,235000,3,1.75,1840,9697,1,0,0,4,1500,340,1985,0,12034 SE 252 Pl,Kent,WA 98030,USA
12/06/14 0:00,480000,3,2.5,1250,1103,3,0,2,3,1250,0,2005,0,513 N 46th St,Seattle,WA 98103,USA
12/06/14 0:00,575000,2,1,1510,4032,1.5,0,0,3,1310,200,1935,1974,2002 28th Ave W,Seattle,WA 98199,USA
12/06/14 0:00,350000,4,2.25,2300,4600,1.5,0,0,4,1340,960,1904,0,1517 17th Ave S,Seattle,WA 98144,USA
12/06/14 0:00,259000,4,1.5,1490,7560,2,0,0,3,1490,0,1966,1963,25923 13th Ave S,Des Moines,WA 98198,USA
12/06/14 0:00,599000,5,2.75,2820,4608,1,0,0,3,1450,1370,1967,2011,306 NW 82nd St,Seattle,WA 98117,USA
12/06/14 0:00,210000,4,1.5,1130,7840,1,0,0,4,1130,0,1970,0,33818 35th Ave SW,Federal Way,WA 98023,USA
12/06/14 0:00,1184000,4,2.5,3200,7500,1.5,0,1,5,1860,1340,1948,1985,7344 50th Ave NE,Seattle,WA 98115,USA
12/06/14 0:00,545000,3,1,1510,5000,1.5,0,0,3,1510,0,1909,2004,5726 28th Ave NE,Seattle,WA 98105,USA
12/06/14 0:00,299995,3,2.5,1970,7500,2,0,0,3,1970,0,1988,2000,4809 Mill Pond Loop,Auburn,WA 98092,USA
12/06/14 0:00,440000,3,1,1210,5750,1.5,0,0,4,1210,0,1910,0,7006 46th Ave SW,Seattle,WA 98136,USA
12/06/14 0:00,699000,4,2.5,3280,27441,2,0,0,3,3280,0,1996,0,7435 245th Way NE,Redmond,WA 98053,USA
12/06/14 0:00,795000,3,2,2420,17859,1,0,1,5,1500,920,1979,0,7215 NE 119th Pl,Kirkland,WA 98034,USA
12/06/14 0:00,445000,5,1.75,2460,6846,1.5,0,0,5,1340,1120,1911,1984,6444 Carleton Ave S,Seattle,WA 98108,USA
12/06/14 0:00,397990,3,1,1180,11862,1,0,0,4,1180,0,1948,0,11739 4th Ave NW,Seattle,WA 98177,USA
12/06/14 0:00,706000,3,2.75,1900,6400,1,0,0,5,1410,490,1942,0,4324 NE 56th St,Seattle,WA 98105,USA
12/06/14 0:00,363000,3,3.25,1651,1779,2,0,0,3,1341,310,2008,0,10734 Whitman Ave N,Seattle,WA 98133,USA
12/06/14 0:00,850000,4,2.25,2130,11843,2,0,0,4,2130,0,1972,0,7490 85th Ave SE,Mercer Island,WA 98040,USA
12/06/14 0:00,620000,2,1,1430,3000,1.5,0,0,3,1300,130,1929,0,2215 E Miller St,Seattle,WA 98112,USA
12/06/14 0:00,1228000,4,2.5,5730,44947,2,0,4,3,4280,1450,1991,0,20709 SE 4th St,Sammamish,WA 98074,USA
12/06/14 0:00,333000,4,2.5,1910,9244,1,0,0,4,1910,0,1963,0,5811 NE 6th St,Renton,WA 98059,USA
12/06/14 0:00,743000,3,1.75,2110,11250,1,0,0,4,2110,0,1961,2001,9201-9231 SE 70th Pl,Mercer Island,WA 98040,USA
12/06/14 0:00,448000,2,1.5,1630,3780,1,0,0,4,890,740,1940,2001,3441 NW 59th St,Seattle,WA 98107,USA
12/06/14 0:00,485000,4,2.5,2470,35073,2,0,0,3,2470,0,1989,0,17435 SE 329th St,Auburn,WA 98092,USA
12/06/14 0:00,489950,4,2.25,2640,31941,1,0,0,4,2640,0,1986,0,16915 SE 325th Pl,Auburn,WA 98092,USA
12/06/14 0:00,498500,5,2.75,2990,7420,2,0,0,3,2990,0,1996,0,4304 NE 7th St,Renton,WA 98059,USA
12/06/14 0:00,531000,3,2.5,2120,9736,2,0,0,3,2120,0,1988,2000,15102 91st Pl NE,Bothell,WA 98011,USA
12/06/14 0:00,670000,3,2.5,2050,6420,1,0,3,3,1730,320,1956,2001,5625 SW Orleans St,Seattle,WA 98116,USA
12/06/14 0:00,310000,5,3,1880,5000,1,0,0,3,1100,780,1997,0,6343 23rd Ave SW,Seattle,WA 98106,USA
12/06/14 0:00,835000,3,3,2790,12523,2,1,4,4,1600,1190,1977,0,27231 8th Ave S,Des Moines,WA 98198,USA
12/06/14 0:00,1688000,4,2.5,3000,7500,2,0,0,3,3000,0,1937,1994,3907 48th Ave NE,Seattle,WA 98105,USA
12/06/14 0:00,495000,4,2.5,2140,7245,2,0,0,3,2140,0,2003,0,633 N 138th St,Seattle,WA 98133,USA
12/06/14 0:00,495000,3,2,1769,9300,1,0,0,4,1769,0,1955,2009,531 SW 181st St,Normandy Park,WA 98166,USA
12/06/14 0:00,440000,3,1,1710,6556,1.5,0,0,4,1200,510,1926,1993,12220 Phinney Ave N,Seattle,WA 98133,USA
12/06/14 0:00,280000,1,0.75,420,6720,1,0,0,3,420,0,1922,2008,5550 17th Ave S,Seattle,WA 98108,USA
12/06/14 0:00,1070000,4,2.5,3270,35445,2,0,0,3,3270,0,1989,0,6040 164th Ave SE,Bellevue,WA 98006,USA
12/06/14 0:00,1034500,4,2.5,2370,10858,2,0,0,3,2370,0,2003,0,11034 NE 26th Pl,Bellevue,WA 98004,USA
12/06/14 0:00,248000,4,2.5,1770,5855,2,0,0,3,1770,0,2003,0,21620 SE 283rd St,Maple Valley,WA 98038,USA
12/06/14 0:00,294000,4,2.5,2210,8465,1,0,0,3,1490,720,1990,2009,512 47th St SE,Auburn,WA 98092,USA
12/06/14 0:00,561000,3,2.25,1710,4140,2,0,0,3,1710,0,2004,2003,2037 Larchmount Dr NE,Issaquah,WA 98029,USA
12/06/14 0:00,656500,4,2,2710,4750,1,0,0,4,1460,1250,1919,1985,6326 21st Ave NE,Seattle,WA 98115,USA
12/06/14 0:00,660000,3,3,2340,2970,2,0,0,5,2160,180,1925,0,743 N 80th St,Seattle,WA 98103,USA
12/06/14 0:00,370000,2,1,1220,17172,1,0,0,4,1220,0,1947,1988,13314 NE 104th St,Kirkland,WA 98033,USA
12/06/14 0:00,349950,3,1,1060,9525,1,0,0,3,1060,0,1966,1963,17129 NE 95th St,Redmond,WA 98052,USA
12/06/14 0:00,223000,2,1,910,9869,1,0,0,3,910,0,1957,2000,11644 SE 163rd St,Renton,WA 98058,USA
12/06/14 0:00,560000,4,1.75,1880,3880,1.5,0,0,4,1090,790,1944,0,325 NW 48th St,Seattle,WA 98107,USA
12/06/14 0:00,594000,4,1.75,1870,5200,2,0,0,4,1200,670,1937,0,7542 42nd Ave NE,Seattle,WA 98115,USA
12/06/14 0:00,600000,3,2.25,1480,5400,2,0,0,4,1480,0,1914,1945,816 Martin Luther King Jr Way,Seattle,WA 98122,USA
12/06/14 0:00,315000,3,2.5,1880,7000,2,0,0,3,1880,0,1993,0,11718 SE 203rd St,Kent,WA 98031,USA
12/06/14 0:00,430000,4,1.75,1890,6000,1,0,0,4,1110,780,1947,1988,13524 22nd Ave NE,Seattle,WA 98125,USA
12/06/14 0:00,440000,3,2.75,1560,7392,1,0,0,5,1030,530,1972,0,15118 119th Ave NE,Kirkland,WA 98034,USA
12/06/14 0:00,312500,2,1.5,1070,1200,2,0,0,3,1070,0,1999,0,9404 Linden Ave N,Seattle,WA 98103,USA
12/06/14 0:00,1240000,5,4,4410,14380,2,0,0,3,4410,0,2006,0,16416 NE 40th St,Redmond,WA 98052,USA
12/06/14 0:00,300000,3,3.25,1470,1235,2,0,0,3,1180,290,2008,0,5338 15th Ave S,Seattle,WA 98108,USA
12/06/14 0:00,680000,3,2.5,2570,3600,2.5,0,0,3,2570,0,2007,0,1474-1476 29th Pl NE,Issaquah,WA 98029,USA
12/06/14 0:00,336750,2,2.25,1170,1011,2,0,0,3,1170,0,2009,0,2277 NW Hidden Ln,Issaquah,WA 98027,USA
13/06/14 0:00,822500,5,3.5,2320,4960,2,0,0,5,1720,600,1926,0,512 N 65th St,Seattle,WA 98103,USA
13/06/14 0:00,589000,4,3,2440,9600,2,0,0,5,2440,0,1961,0,11611 106th Ave NE,Kirkland,WA 98034,USA
13/06/14 0:00,863000,4,2.5,4120,22370,2,0,0,3,4120,0,1997,0,1571 237th Ct NE,Sammamish,WA 98074,USA
13/06/14 0:00,210000,2,1.75,1440,5680,1,0,0,4,1440,0,1978,2000,24429 12th Ave S,Des Moines,WA 98198,USA
13/06/14 0:00,206135,3,1,1340,11070,1,0,0,4,1340,0,1978,2000,12129 SE 277th Pl,Kent,WA 98030,USA
13/06/14 0:00,1125000,6,3.75,3010,4360,2,0,0,3,2000,1010,2014,0,8016 Meridian Ave N,Seattle,WA 98103,USA
13/06/14 0:00,285000,3,1.75,1840,8601,1,0,0,3,920,920,1905,2014,7339 46th Ave S,Seattle,WA 98118,USA
13/06/14 0:00,230000,2,1,930,7550,1,0,0,3,930,0,1986,0,13008 23rd Ave S,SeaTac,WA 98168,USA
13/06/14 0:00,845000,4,2.75,4070,115434,2,0,0,3,4070,0,2002,0,12810 440th Pl SE,North Bend,WA 98045,USA
13/06/14 0:00,350000,3,1.75,1820,9545,1,0,0,3,1230,590,1976,0,3037 NE 205th St,Lake Forest Park,WA 98155,USA
13/06/14 0:00,304000,3,1,1280,8184,1.5,0,0,4,1280,0,1947,1988,16225 10th Ave NE,Shoreline,WA 98155,USA
13/06/14 0:00,370000,2,1,900,4600,1,0,0,3,900,0,1951,1994,307 NW 87th St,Seattle,WA 98117,USA
13/06/14 0:00,810000,3,1.75,1980,13503,1,0,2,4,1320,660,1952,0,2622 W Lake Sammamish Pkwy SE,Bellevue,WA 98008,USA
13/06/14 0:00,440000,4,2.25,2010,7575,1,0,0,3,1220,790,1974,0,14450 105th Ct NE,Kirkland,WA 98034,USA
13/06/14 0:00,1030000,4,2.5,2750,4800,2,0,0,3,1960,790,1905,2005,5700-5798 Wallingford Ave N,Seattle,WA 98103,USA
13/06/14 0:00,775000,4,2,3140,10875,1,0,1,3,1940,1200,1939,1969,3704 W Lawton St,Seattle,WA 98199,USA
13/06/14 0:00,1335000,5,2.25,4200,5800,2.5,0,0,4,2910,1290,1906,1990,1024 15th Ave E,Seattle,WA 98112,USA
13/06/14 0:00,235000,3,1.75,1900,8540,1,0,0,3,950,950,1980,0,13002 23rd Ave S,SeaTac,WA 98168,USA
13/06/14 0:00,499950,3,1,1830,3000,1.5,0,0,3,1430,400,1926,2003,611 N 46th St,Seattle,WA 98103,USA
13/06/14 0:00,622500,5,2.75,3320,23760,2,0,0,4,2190,1130,1975,0,14523 NE 169th St,Woodinville,WA 98072,USA
13/06/14 0:00,300000,4,2.5,2700,10814,1,0,0,4,1560,1140,1966,0,12235 SE 259th Pl,Kent,WA 98030,USA
13/06/14 0:00,205000,3,1,1290,6566,1,0,0,5,1290,0,1976,0,33601-33799 35th Ave SW,Federal Way,WA 98023,USA
13/06/14 0:00,435000,3,1.75,1500,8173,1,0,0,3,1500,0,1997,0,8528 NE 142nd St,Kirkland,WA 98034,USA
13/06/14 0:00,697000,4,2.75,3650,48351,1.5,0,0,4,3650,0,1978,2000,18534 186th Pl NE,Woodinville,WA 98077,USA
13/06/14 0:00,153000,3,1,1270,6405,1.5,0,0,3,1270,0,1944,0,12015 75th Ave S,Seattle,WA 98178,USA
13/06/14 0:00,454000,4,2.25,2630,39000,2,0,0,3,2630,0,1979,2014,14404 SE 216th St,Kent,WA 98042,USA
13/06/14 0:00,345000,2,1.5,1800,26615,1,0,0,5,1240,560,1987,0,33336-33412 E Lake Holm Dr SE,Auburn,WA 98092,USA
13/06/14 0:00,585000,3,1,1870,2807,1.5,0,0,4,1580,290,1927,0,111 NW 53rd St,Seattle,WA 98107,USA
13/06/14 0:00,380000,4,2.5,2540,6365,2,0,0,3,1870,670,2000,0,2107 Davis Ave S,Renton,WA 98055,USA
13/06/14 0:00,250600,4,2.5,1930,8660,1,0,0,3,1120,810,1981,2013,2025 W St NW,Auburn,WA 98001,USA
13/06/14 0:00,890000,4,2.25,2770,13500,2,0,0,3,2770,0,1974,0,6701 81st Ave SE,Mercer Island,WA 98040,USA
13/06/14 0:00,370000,4,2.5,2220,5338,2,0,0,3,2220,0,2001,0,5127 NE 4th Pl,Renton,WA 98059,USA
13/06/14 0:00,369500,3,1.5,1650,9957,1,0,0,4,1100,550,1961,2001,14001 28th Ave NE,Seattle,WA 98125,USA
13/06/14 0:00,883000,4,2.5,3670,54450,2,0,0,3,3670,0,1999,0,1227 243rd Ave NE,Sammamish,WA 98074,USA
13/06/14 0:00,950000,4,2.5,3770,35081,2,0,0,3,3770,0,1989,0,10326 216th Ct NE,Redmond,WA 98053,USA
13/06/14 0:00,615000,3,1.75,2350,20820,1,0,0,4,1800,550,1978,2000,7-19 210th Pl NE,Sammamish,WA 98074,USA
13/06/14 0:00,305000,3,1.5,1210,5240,1,0,0,4,610,600,1983,0,5445 17th Ave SW,Seattle,WA 98106,USA
13/06/14 0:00,590000,4,2.5,2010,7972,2,0,0,4,2010,0,1989,0,3419 241st Pl SE,Issaquah,WA 98029,USA
13/06/14 0:00,485000,3,2.5,1580,6065,2,0,0,3,1580,0,1985,0,24025 SE 42nd St,Issaquah,WA 98029,USA
13/06/14 0:00,215000,2,1,710,7200,1,0,0,3,710,0,1943,2002,7027 S 125th St,Seattle,WA 98178,USA
13/06/14 0:00,430000,3,2,1910,5040,1.5,0,0,3,1910,0,1971,0,2415 209th Ave NE,Sammamish,WA 98074,USA
13/06/14 0:00,324900,4,2.5,1880,7965,2,0,0,3,1880,0,2000,0,21661 SE 265th Way,Maple Valley,WA 98038,USA
13/06/14 0:00,849900,2,2,2280,641203,2,0,0,3,2280,0,1990,2009,9326 SW 216th St,Vashon,WA 98070,USA
13/06/14 0:00,975000,5,2.75,3100,10014,1,0,2,4,1660,1440,1973,0,9340 Mercerwood Dr,Mercer Island,WA 98040,USA
13/06/14 0:00,910000,5,2.5,2350,4000,2,0,0,3,2350,0,1993,0,2807 E Aloha St,Seattle,WA 98112,USA
13/06/14 0:00,459950,3,1.75,1850,6869,1,0,2,5,1100,750,1919,1934,2221 SW 154th St,Burien,WA 98166,USA
13/06/14 0:00,325000,3,2.5,2070,8337,2,0,0,3,2070,0,1997,0,26300-26398 124th Ave SE,Kent,WA 98030,USA
13/06/14 0:00,513000,4,2.75,2020,7070,1,0,0,5,1010,1010,1958,0,9226 36th Ave SW,Seattle,WA 98126,USA
13/06/14 0:00,475000,3,2.25,1580,12177,1,0,0,3,1200,380,1981,2013,22013 NE 18th St,Sammamish,WA 98074,USA
13/06/14 0:00,419000,4,2.5,2690,7947,2,0,0,3,2690,0,1993,0,14114 SE 198th St,Renton,WA 98058,USA
13/06/14 0:00,760000,4,2.5,2420,10285,1,0,4,3,1700,720,1958,2004,12849 Shorecrest Dr SW,Burien,WA 98146,USA
13/06/14 0:00,1120000,5,1.5,2540,6660,2,0,3,4,2340,200,1954,1979,9827 47th Ave SW,Seattle,WA 98136,USA
13/06/14 0:00,129000,2,1,1150,30184,1,0,0,3,1150,0,1950,2005,17029 106th Ave SE,Renton,WA 98055,USA
13/06/14 0:00,725000,5,2.5,3210,12000,1,0,0,4,1830,1380,1968,0,14404 NE 11th Pl,Bellevue,WA 98007,USA
13/06/14 0:00,580000,3,2.5,2040,4627,2,0,0,3,2040,0,1992,0,17422 NE 28th St,Redmond,WA 98052,USA
13/06/14 0:00,385000,3,2.25,1920,4833,1,0,0,4,1060,860,1921,0,10559 Evanston Ave N,Seattle,WA 98133,USA
13/06/14 0:00,265000,4,1.75,1900,10588,1,0,0,5,1900,0,1958,0,1310 22nd St SE,Auburn,WA 98002,USA
13/06/14 0:00,1735000,3,2.5,4310,32093,1.5,0,4,5,2510,1800,1982,0,18401 17th Ave NW,Shoreline,WA 98177,USA
13/06/14 0:00,330000,3,2.5,1070,1155,2,0,0,3,720,350,2005,0,4536 42nd Ave SW,Seattle,WA 98116,USA
13/06/14 0:00,665000,4,2.5,2790,43091,2,0,0,4,2790,0,1989,0,20324 194th Pl NE,Woodinville,WA 98077,USA
13/06/14 0:00,799000,3,2.5,2860,4442,2,0,0,3,2860,0,2000,0,4432 30th Ave W,Seattle,WA 98199,USA
13/06/14 0:00,589000,3,2,2250,8800,1,0,0,4,1250,1000,1925,1968,3406 60th Ave SW,Seattle,WA 98116,USA
13/06/14 0:00,1695000,2,2.25,3170,3000,2,0,2,5,1990,1180,1900,0,308 Prospect St,Seattle,WA 98109,USA
13/06/14 0:00,538000,3,1,1460,7200,1,0,0,3,1260,200,1906,2014,8018 Wallingford Ave N,Seattle,WA 98103,USA
13/06/14 0:00,530100,3,1,1540,3399,1.5,0,0,3,1200,340,1926,2003,123 NW 78th St,Seattle,WA 98117,USA
13/06/14 0:00,718500,3,2,2910,6600,2,0,0,4,1920,990,1900,1988,3959 S Ferdinand St,Seattle,WA 98118,USA
13/06/14 0:00,299000,3,1.75,1180,13927,1,0,0,5,1180,0,1962,0,18438 SE 135th St,Renton,WA 98059,USA
13/06/14 0:00,556000,3,1.75,1640,7437,1,0,0,3,1090,550,1948,1994,7736 38th Ave SW,Seattle,WA 98126,USA
13/06/14 0:00,171000,4,2,1520,19672,1,0,0,3,1020,500,1920,1979,15014 42nd Ave S,Tukwila,WA 98188,USA
13/06/14 0:00,540000,5,3,3610,9775,2,0,0,3,3610,0,2003,0,24760 SE 276th Pl,Maple Valley,WA 98038,USA
13/06/14 0:00,250000,3,2.25,1400,3814,2,0,0,3,1400,0,2012,1912,19521 SE 271st Pl,Covington,WA 98042,USA
13/06/14 0:00,795000,4,3.5,3200,3250,2,0,0,3,2670,530,2007,0,2500 22nd Ct NE,Issaquah,WA 98029,USA
13/06/14 0:00,575000,3,3,1384,1287,2,0,0,3,1144,240,2006,0,1128 10th Ave E,Seattle,WA 98102,USA
13/06/14 0:00,379500,3,2.25,1410,1287,2,0,0,3,1290,120,2005,0,2082 NW Boulder Way Dr,Issaquah,WA 98027,USA
13/06/14 0:00,385000,4,2.5,2050,5276,2,0,0,3,2050,0,2006,0,5115 NE 5th Pl,Renton,WA 98059,USA
13/06/14 0:00,415500,4,2.5,1750,4779,2,0,0,3,1750,0,2009,0,8019 NE 183rd St,Kenmore,WA 98028,USA
14/06/14 0:00,397500,3,2,1510,6710,1,0,0,3,1070,440,1972,2002,9325 NE 133rd St,Kirkland,WA 98034,USA
14/06/14 0:00,530000,3,2.5,1930,7214,2,0,0,3,1930,0,2005,0,1901 NE 125th St,Seattle,WA 98125,USA
14/06/14 0:00,883000,4,2.5,2960,41656,2,0,0,3,2960,0,1985,0,14369 155th Ave NE,Woodinville,WA 98072,USA
14/06/14 0:00,850000,5,2.75,2920,11880,1,0,0,5,1660,1260,1968,0,1498 Hillside Dr SE,Issaquah,WA 98027,USA
14/06/14 0:00,496752,2,1,1980,5000,1,0,0,4,1090,890,1923,0,1908 29th Ave S,Seattle,WA 98144,USA
14/06/14 0:00,330000,3,1.75,1430,8865,1,0,0,3,1430,0,1950,2005,2704 NE 144th St,Seattle,WA 98125,USA
14/06/14 0:00,735000,4,2.75,2450,4187,2,0,2,3,2450,0,2010,0,1750 10th Ave NE,Issaquah,WA 98029,USA
14/06/14 0:00,525000,4,2.75,2360,4924,2,0,0,3,2360,0,2008,0,20012 79th Ave NE,Kenmore,WA 98028,USA
15/06/14 0:00,269950,3,2.5,1890,4838,2,0,0,3,1730,160,2002,0,4295 S 137th St,Tukwila,WA 98168,USA
15/06/14 0:00,650000,3,1.75,2140,9484,1,0,0,3,1290,850,1953,0,1411 112th Ave NE,Bellevue,WA 98004,USA
15/06/14 0:00,520500,3,2,1900,8100,1,0,0,4,950,950,1940,2001,834 NE 97th St,Seattle,WA 98115,USA
15/06/14 0:00,652500,4,2.5,2700,9122,2,0,0,3,2700,0,1990,2009,25956 SE 37th Way,Issaquah,WA 98029,USA
15/06/14 0:00,506000,5,3,2430,8000,1,0,0,4,1370,1060,1957,2001,16437 SE 8th St,Bellevue,WA 98008,USA
15/06/14 0:00,416000,3,1,1110,12150,1,0,0,4,1110,0,1957,2001,717 164th Ave SE,Bellevue,WA 98008,USA
16/06/14 0:00,500000,4,2.75,2280,15347,1,0,0,5,2280,0,1960,0,9007 132nd Pl SE,Newcastle,WA 98059,USA
16/06/14 0:00,460000,3,1.75,1550,4708,1,0,0,4,860,690,1949,1985,6503 39th Ave NE,Seattle,WA 98115,USA
16/06/14 0:00,371025,3,2,1530,8925,1,0,0,3,1530,0,1977,2004,10536 NE 148th Ct,Bothell,WA 98011,USA
16/06/14 0:00,576000,4,2.5,2440,28405,2,0,0,3,2440,0,2002,0,15125 78th Ave NE,Kenmore,WA 98028,USA
16/06/14 0:00,353500,4,2.25,1760,9602,2,0,0,3,1760,0,1987,2000,13738 SE 199th Pl,Renton,WA 98058,USA
16/06/14 0:00,1735000,4,2.25,3040,5000,2,0,3,4,2080,960,1926,1993,3907 47th Ave NE,Seattle,WA 98105,USA
16/06/14 0:00,183000,3,1.75,1070,8100,1,0,0,4,1070,0,1957,2001,704 26th St SE,Auburn,WA 98002,USA
16/06/14 0:00,763101,3,1.75,1990,5560,1,0,0,4,1100,890,1939,1989,4811-4815 38th Ave NE,Seattle,WA 98105,USA
16/06/14 0:00,460000,2,1.5,1090,4000,1,0,0,3,970,120,1951,1994,2646 48th Ave SW,Seattle,WA 98116,USA
16/06/14 0:00,825000,4,1.5,1890,6938,1.5,0,0,3,1890,0,1919,2001,1529 45th Ave SW,Seattle,WA 98116,USA
16/06/14 0:00,265000,3,1,1000,9150,1,0,0,3,1000,0,1969,2010,16206 SE 134th St,Renton,WA 98059,USA
16/06/14 0:00,295000,3,1.75,1770,8235,1,0,0,3,1030,740,1960,2012,455 S 190th St,Burien,WA 98148,USA
16/06/14 0:00,418000,4,3,2360,6250,1,0,2,3,1460,900,1960,2012,9957 Rainier Ave S,Seattle,WA 98118,USA
16/06/14 0:00,554000,3,3.5,3380,108900,2,0,0,3,2700,680,1999,0,19000 196th Ave SE,Renton,WA 98058,USA
16/06/14 0:00,534500,3,2.5,1700,3150,2,0,0,3,1700,0,2005,0,2493 NE Laurel Crest Ln,Issaquah,WA 98029,USA
16/06/14 0:00,690000,2,1.75,1600,4000,1,0,0,5,850,750,1918,0,2505 E Calhoun St,Seattle,WA 98112,USA
16/06/14 0:00,530000,4,2.5,2050,6360,2,0,0,3,2050,0,1988,2000,24610 SE 45th Way,Issaquah,WA 98029,USA
16/06/14 0:00,357186,2,1.75,1210,1040,2,0,0,3,1210,0,2014,0,2520 Mulberry Walk NE,Issaquah,WA 98029,USA
16/06/14 0:00,300000,5,3,1940,6355,1,0,0,3,1200,740,2007,0,11720 8th Ave S,Seattle,WA 98168,USA
16/06/14 0:00,304000,4,2,1810,8750,1,0,0,2,1110,700,1967,0,12727 SE 191st Pl,Renton,WA 98058,USA
16/06/14 0:00,385000,4,1.75,1690,4080,1,0,0,4,870,820,1984,0,3405 35th Ave S,Seattle,WA 98144,USA
16/06/14 0:00,415000,4,2,1800,2970,1,0,0,4,1000,800,1923,0,7502 15th Ave NE,Seattle,WA 98115,USA
16/06/14 0:00,963000,4,3.5,3280,6603,2,0,0,3,3280,0,2007,0,16030 SE 45th Pl,Bellevue,WA 98006,USA
16/06/14 0:00,792500,4,2.5,4290,175421,2,0,0,3,4290,0,2004,2003,26735 SE 271st St,Ravensdale,WA 98051,USA
16/06/14 0:00,309212,3,1.75,1150,9600,1,0,0,3,1150,0,1979,2014,42511 SE 175th Pl,North Bend,WA 98045,USA
16/06/14 0:00,235000,2,1.5,880,1805,2,0,0,3,880,0,1999,0,10546 Stone Ave N,Seattle,WA 98133,USA
16/06/14 0:00,667000,3,1.5,1720,8100,2,0,0,3,1720,0,1907,1983,3239 NW 64th St,Seattle,WA 98107,USA
16/06/14 0:00,470000,3,1.5,1510,8000,1,0,0,4,1510,0,1956,0,2559 155th Ave SE,Bellevue,WA 98007,USA
16/06/14 0:00,375000,4,2,1240,3000,1,0,0,3,1040,200,1908,1988,549 27th Ave,Seattle,WA 98122,USA
16/06/14 0:00,410000,4,2,1580,9581,1,0,0,3,1580,0,1953,0,10221 132nd Ave NE,Kirkland,WA 98033,USA
16/06/14 0:00,566000,4,2.25,2170,7737,2,0,0,3,2170,0,1987,2000,23238 NE 29th Ct,Sammamish,WA 98074,USA
16/06/14 0:00,680000,4,2.75,2500,4950,2,0,0,3,2500,0,2010,0,11000 243rd Ave NE,Redmond,WA 98053,USA
16/06/14 0:00,332000,1,1,960,2640,1,0,0,3,760,200,1908,1988,2919 E Harrison St,Seattle,WA 98112,USA
16/06/14 0:00,902000,4,2.5,3030,8507,2,0,0,3,3030,0,2003,0,6909 123rd Ave NE,Kirkland,WA 98033,USA
16/06/14 0:00,500000,3,1.75,1540,10800,1,0,0,5,770,770,1947,0,3718 88th Ave SE,Mercer Island,WA 98040,USA
16/06/14 0:00,445000,3,1.75,1890,32340,1.5,0,3,3,1890,0,1976,0,21236 Tramp Harbor Rd SW,Vashon,WA 98070,USA
16/06/14 0:00,825000,4,2.5,2810,9800,1,0,0,4,1710,1100,1973,0,14312 SE 45th St,Bellevue,WA 98006,USA
16/06/14 0:00,1095000,4,4,3530,8400,2,0,0,5,2630,900,1958,0,2420 30th Ave W,Seattle,WA 98199,USA
16/06/14 0:00,277000,3,1,1100,8536,1,0,0,4,1100,0,1957,2001,9615 58th Ave S,Seattle,WA 98118,USA
16/06/14 0:00,545000,3,2.5,1940,9775,1,0,2,3,1440,500,1975,0,12710 89th Pl NE,Kirkland,WA 98034,USA
16/06/14 0:00,435000,3,2.5,2300,9521,2,0,0,3,2300,0,2003,0,16023 271st Pl NE,Duvall,WA 98019,USA
16/06/14 0:00,638000,3,2.5,2110,3600,2,0,0,3,2110,0,2005,0,6533 193rd Pl NE,Redmond,WA 98052,USA
16/06/14 0:00,418000,4,1.5,1220,10580,1,0,0,3,1220,0,1965,1993,1212 168th Ave NE,Bellevue,WA 98008,USA
16/06/14 0:00,499000,3,1.75,1750,12325,1,0,0,4,1470,280,1968,0,16618 NE 91st St,Redmond,WA 98052,USA
16/06/14 0:00,150000,3,1.5,1230,8056,1,0,0,4,1230,0,1949,1985,1432 S 129th St,Burien,WA 98168,USA
16/06/14 0:00,759950,3,2.5,3100,23790,2,0,0,3,3100,0,2002,0,2328 246th Ave SE,Sammamish,WA 98075,USA
16/06/14 0:00,427000,3,2.5,1830,65340,1,0,0,3,1520,310,1991,0,44218 SE 161st Pl,North Bend,WA 98045,USA
16/06/14 0:00,632500,5,2.5,2640,7096,2,0,0,3,2640,0,2003,0,9181 226th Pl NE,Redmond,WA 98053,USA
16/06/14 0:00,660000,6,1.75,1840,2774,1,0,0,3,1060,780,1900,2005,220 17th Ave,Seattle,WA 98122,USA
16/06/14 0:00,862000,4,2.5,3190,14565,2,0,0,3,3190,0,1990,2009,12623 198th Dr NE,Woodinville,WA 98077,USA
16/06/14 0:00,524000,2,1,1120,2000,1.5,0,0,3,1120,0,1910,2006,159 Fulton St,Seattle,WA 98109,USA
16/06/14 0:00,470000,3,1.5,1760,6723,1,0,0,3,1160,600,1958,2004,5624 Wilson Ave S,Seattle,WA 98118,USA
16/06/14 0:00,385000,3,2,1590,9912,2,0,0,3,1590,0,2000,0,7612 SW 258th Ct,Vashon,WA 98070,USA
16/06/14 0:00,575000,4,2.5,2120,9603,2,0,0,3,2120,0,1985,0,460 Indigo Pl NW,Issaquah,WA 98027,USA
16/06/14 0:00,220000,4,2.5,2240,9826,1,0,0,4,1370,870,1988,0,2410 SW 323rd St,Federal Way,WA 98023,USA
16/06/14 0:00,460000,2,1,890,2100,1,0,0,4,760,130,1919,1985,4008 2nd Ave NW,Seattle,WA 98107,USA
16/06/14 0:00,1712500,3,3.25,2940,5432,3,0,3,4,2440,500,1978,2000,150 Highland Dr,Seattle,WA 98109,USA
16/06/14 0:00,175000,3,1.5,1220,7300,1,0,0,3,1220,0,1973,2013,4342 S 299th St,Auburn,WA 98001,USA
16/06/14 0:00,465000,3,2.25,2670,7500,1,0,0,4,1640,1030,1966,0,15800-15898 15th Ave SW,Burien,WA 98166,USA
16/06/14 0:00,552000,3,1,1120,2300,1,0,0,4,820,300,1912,1989,7002 22nd Ave NW,Seattle,WA 98117,USA
16/06/14 0:00,565000,4,2.75,3130,139392,2,0,0,4,3130,0,1981,0,27705 114th Ave SE,Kent,WA 98030,USA
16/06/14 0:00,518000,4,2.5,1740,7500,1,0,0,4,1220,520,1976,1992,10342 162nd Pl NE,Redmond,WA 98052,USA
16/06/14 0:00,899950,4,3.5,3290,5414,2,0,1,3,2360,930,2006,0,11672 91st Pl NE,Kirkland,WA 98034,USA
16/06/14 0:00,373000,3,1,1770,5720,1.5,0,0,4,1140,630,1926,1993,5232 36th Ave SW,Seattle,WA 98126,USA
16/06/14 0:00,385000,4,2.5,2960,5054,2,0,0,3,2960,0,2006,0,26920 229th Pl SE,Maple Valley,WA 98038,USA
16/06/14 0:00,245000,2,1,1200,4880,1,0,0,3,980,220,1943,2002,8421 8th Ave SW,Seattle,WA 98106,USA
16/06/14 0:00,375000,4,2,2400,6000,2,0,0,3,2400,0,1913,1945,9801-9999 NE 183rd St,Bothell,WA 98011,USA
16/06/14 0:00,699850,4,3.5,2690,6164,2,0,0,3,2690,0,2002,0,1010 274th Way SE,Sammamish,WA 98075,USA
16/06/14 0:00,450000,6,2.25,3550,11780,1,0,0,4,2960,590,1948,0,12722 15th Ave NE,Seattle,WA 98125,USA
16/06/14 0:00,455000,2,1.5,1310,12196,1.5,0,0,3,1310,0,1970,2014,16326 NE 43rd Ct,Redmond,WA 98052,USA
16/06/14 0:00,650000,4,2.75,2610,4160,3,0,0,5,1910,700,1910,0,118 N 84th St,Seattle,WA 98103,USA
16/06/14 0:00,378000,5,2.5,2760,8015,1,0,0,4,1600,1160,1960,2001,13327 30th Ave NE,Seattle,WA 98125,USA
16/06/14 0:00,220000,3,2,1410,7998,1,0,0,4,1410,0,1940,2001,11851 44th Pl S,Tukwila,WA 98178,USA
16/06/14 0:00,285500,4,1.75,1960,7950,1,0,0,4,1960,0,1967,0,32500-32514 35th Ave SW,Federal Way,WA 98023,USA
16/06/14 0:00,340000,3,2.5,1212,1174,3,0,0,3,1212,0,2004,2003,11716 16th Ave NE,Seattle,WA 98125,USA
16/06/14 0:00,921000,4,1.5,2220,9496,1,0,0,4,1490,730,1954,1979,1431 102nd Ave NE,Bellevue,WA 98004,USA
16/06/14 0:00,375000,4,2.5,2040,109336,1.5,0,0,4,2040,0,1973,0,20404 289th Ave SE,Maple Valley,WA 98038,USA
16/06/14 0:00,999000,4,2.75,2800,19168,2,0,0,3,2800,0,1992,0,2010 227th Ave SE,Sammamish,WA 98075,USA
16/06/14 0:00,335000,3,1.5,2040,6000,1,0,0,3,1340,700,1957,2000,9055 37th Ave S,Seattle,WA 98118,USA
16/06/14 0:00,1920000,4,2.5,3070,34412,1,0,3,4,2070,1000,1950,1983,3257 Evergreen Point Rd,Medina,WA 98039,USA
16/06/14 0:00,385000,2,1,830,26329,1,1,3,4,830,0,1928,0,7310 SW Maury Park Rd,Vashon,WA 98070,USA
16/06/14 0:00,850000,4,3.5,4140,7089,2,0,0,3,3160,980,2003,0,11721 106th Ave NE,Kirkland,WA 98034,USA
16/06/14 0:00,429000,5,2.5,2340,4500,2,0,0,3,2340,0,2009,0,526 Elma Pl NE,Renton,WA 98059,USA
16/06/14 0:00,523950,3,2.25,1420,1282,3,0,0,3,1420,0,2006,0,3817-3821 Whitman Ave N,Seattle,WA 98103,USA
16/06/14 0:00,798800,3,2.75,2670,3738,1,0,0,3,1720,950,2013,1923,1009-1225 N 41st Pl,Renton,WA 98056,USA
16/06/14 0:00,284000,3,2.5,1880,6008,2,0,0,3,1880,0,2009,0,29700 217th Pl SE,Kent,WA 98042,USA
16/06/14 0:00,852880,4,3.25,3450,6184,2,0,0,3,3450,0,2014,0,120 214th Pl SE,Sammamish,WA 98074,USA
16/06/14 0:00,320000,3,2.25,1200,1400,3,0,0,3,1200,0,2005,0,10401 Holman Rd NW,Seattle,WA 98133,USA
16/06/14 0:00,749995,4,3.25,3430,9870,2,0,0,3,3430,0,2014,0,20417 126th Ave NE,Bothell,WA 98011,USA
16/06/14 0:00,468500,3,2.5,1350,1186,2,0,0,3,1120,230,2007,0,6724 Alonzo Ave NW,Seattle,WA 98117,USA
16/06/14 0:00,492500,5,2.5,2570,9962,2,0,0,3,2570,0,2006,0,14206 284th Pl NE,Duvall,WA 98019,USA
16/06/14 0:00,685000,4,3.5,2840,4637,3,0,0,3,2840,0,2008,0,546 NE 103rd St,Seattle,WA 98125,USA
16/06/14 0:00,542525,4,2.5,2650,5600,2,0,0,3,2650,0,2014,0,13516 164th Ave SE,Renton,WA 98059,USA
16/06/14 0:00,435000,3,2,1980,2674,3,0,0,3,1980,0,2007,0,5451 Fauntleroy Way SW,Seattle,WA 98136,USA
17/06/14 0:00,242000,3,1.75,1280,7524,1.5,0,0,4,1280,0,1988,0,11431 SE 229th St,Kent,WA 98031,USA
17/06/14 0:00,325000,4,2.5,2610,7091,2,0,0,3,2610,0,1987,2000,33439 11th Pl SW,Federal Way,WA 98023,USA
17/06/14 0:00,837700,5,2.75,3010,12611,2,0,0,3,3010,0,1994,0,10717 179th Ct NE,Redmond,WA 98052,USA
17/06/14 0:00,210000,1,1,930,7129,1,0,0,3,930,0,1948,1994,2126 N 130th St,Seattle,WA 98133,USA
17/06/14 0:00,187500,3,1.5,1180,7000,1,0,0,4,1180,0,1977,0,34016 33rd Ave SW,Federal Way,WA 98023,USA
17/06/14 0:00,560000,5,1,1710,9100,1.5,0,0,4,1320,390,1926,1993,7226 36th Ave SW,Seattle,WA 98126,USA
17/06/14 0:00,272000,3,2,1380,7476,1,0,0,3,1380,0,1989,0,5002 S 299th Pl,Auburn,WA 98001,USA
17/06/14 0:00,235000,3,1.75,1190,7280,1,0,0,4,1190,0,1968,0,11234 SE 320th Pl,Auburn,WA 98092,USA
17/06/14 0:00,259000,3,2,1870,5909,1,0,0,3,1270,600,1986,0,11834 SE 263rd Ct,Kent,WA 98030,USA
17/06/14 0:00,866059,5,3.5,3130,4797,2,0,0,3,2570,560,2014,0,15845 SE 44th Ct,Bellevue,WA 98006,USA
17/06/14 0:00,473000,2,1,900,5100,1,0,0,4,900,0,1909,1989,7029 16th Ave NW,Seattle,WA 98117,USA
17/06/14 0:00,405000,3,1.5,1880,7400,1,0,0,3,1480,400,1968,1997,5471 NE 200th Pl,Lake Forest Park,WA 98155,USA
17/06/14 0:00,870000,4,4.25,3010,4887,2,0,3,4,1940,1070,1951,1996,8770 Sand Point Way NE,Seattle,WA 98115,USA
17/06/14 0:00,475000,3,2.25,2280,5750,1,0,1,4,1150,1130,1985,0,4420 48th Ave SW,Seattle,WA 98116,USA
17/06/14 0:00,499500,3,2.5,2970,21907,2,0,0,3,2970,0,1998,2006,14239 183rd Ave SE,Renton,WA 98059,USA
17/06/14 0:00,386000,2,2.5,1620,3196,2,0,0,3,1620,0,2008,0,9225-9305 Mitten Ave SE,Snoqualmie,WA 98065,USA
17/06/14 0:00,458000,4,1.5,1550,3000,1.5,0,0,3,1350,200,1918,0,4402 4th Ave NE,Seattle,WA 98105,USA
17/06/14 0:00,550000,3,1.75,2240,78225,2,0,0,5,2240,0,1976,0,15639 115th Ave SW,Vashon,WA 98070,USA
17/06/14 0:00,605500,3,2.5,2830,6536,2,0,0,3,2830,0,1989,0,12504 NE 163rd St,Woodinville,WA 98072,USA
17/06/14 0:00,421000,3,2.5,2890,21780,2,0,0,3,2890,0,2000,0,3717 S 189th Pl,SeaTac,WA 98188,USA
17/06/14 0:00,536000,4,2.25,1990,5948,2,0,0,3,1990,0,1991,0,4002 258th Way SE,Issaquah,WA 98029,USA
17/06/14 0:00,247200,3,1.75,1370,8719,1,0,0,3,1370,0,1982,0,26303 191st Pl SE,Covington,WA 98042,USA
17/06/14 0:00,250000,2,1.5,1088,1360,2,0,0,3,1088,0,1983,2009,9603 NE 121st Ln,Kirkland,WA 98034,USA
17/06/14 0:00,204950,4,1.75,1740,9344,1,0,0,3,1180,560,1978,0,5108 SW 316th Pl,Federal Way,WA 98023,USA
17/06/14 0:00,430000,3,2,1730,9000,1,0,0,3,1370,360,1978,0,975-1005 Greenwood Blvd SW,Issaquah,WA 98027,USA
17/06/14 0:00,250000,4,2.5,1800,8100,2,0,0,3,1800,0,1998,2006,22028 SE 269th St,Maple Valley,WA 98038,USA
17/06/14 0:00,260000,3,1.75,1440,12888,1,0,2,3,1090,350,1958,2004,14710 57th Ave S,Tukwila,WA 98168,USA
17/06/14 0:00,547000,4,1,1720,2800,1.5,0,0,4,1200,520,1926,1993,6211 27th Ave NE,Seattle,WA 98115,USA
17/06/14 0:00,379900,5,3.5,2800,7350,2,0,0,3,2800,0,1995,0,8430 8th Ave SW,Seattle,WA 98106,USA
17/06/14 0:00,738500,3,2.5,2300,6009,1,0,0,3,2300,0,2005,0,12115 Big Leaf Way NE,Redmond,WA 98053,USA
17/06/14 0:00,545000,4,2.25,2030,11585,1,0,0,4,1590,440,1967,0,15703 NE 54th Way,Redmond,WA 98052,USA
17/06/14 0:00,342000,2,1,740,6180,1,0,0,3,740,0,1948,1994,4813 S Findlay St,Seattle,WA 98118,USA
17/06/14 0:00,4668000,5,6.75,9640,13068,1,1,4,3,4820,4820,1983,2009,5044 Butterworth Rd,Mercer Island,WA 98040,USA
17/06/14 0:00,170000,4,1,1920,13787,1,0,0,4,1220,700,1966,0,17104 Military Rd S,SeaTac,WA 98188,USA
17/06/14 0:00,616000,4,2.5,2490,12929,2,0,0,3,2490,0,1983,2009,24106 NE 6th Pl,Sammamish,WA 98074,USA
17/06/14 0:00,640000,3,2,1380,4800,1,0,0,3,1380,0,1948,1994,3415 9th Ave W,Seattle,WA 98119,USA
17/06/14 0:00,332000,3,2.5,1530,9406,1,0,0,3,1270,260,1993,0,4214 NE 2nd St,Renton,WA 98059,USA
17/06/14 0:00,1010000,3,3.25,2420,1923,2,0,2,3,1840,580,2006,0,2010 8th Ave N,Seattle,WA 98109,USA
17/06/14 0:00,380000,4,2.5,2150,37647,2,0,0,3,2150,0,1991,0,19504 SE 324th St,Kent,WA 98042,USA
17/06/14 0:00,415000,4,2,1610,9600,1,0,0,5,1610,0,1967,0,7815 116th Ave SE,Newcastle,WA 98056,USA
17/06/14 0:00,1008000,4,3.5,2650,3060,2,0,0,3,2060,590,2001,0,2133 N 62nd St,Seattle,WA 98103,USA
17/06/14 0:00,669000,4,2.75,2700,35362,2,0,0,5,2700,0,1976,0,18222 NE 186th St,Woodinville,WA 98077,USA
17/06/14 0:00,260000,3,1.5,1270,20700,1,0,0,2,1150,120,1948,0,3029 NE 178th St,Lake Forest Park,WA 98155,USA
17/06/14 0:00,854000,4,2.75,3150,38865,1,0,0,3,2480,670,1986,0,14302-14314 174th Ave NE,Redmond,WA 98052,USA
17/06/14 0:00,605000,3,2.25,2010,10760,2,0,0,3,2010,0,1985,0,14150 176th Ave NE,Redmond,WA 98052,USA
17/06/14 0:00,320000,3,1,860,5060,1.5,0,0,3,860,0,1927,2011,10537 Interlake Ave N,Seattle,WA 98133,USA
17/06/14 0:00,229950,3,2,1410,7466,1,0,0,3,1410,0,1983,2009,14609 SE 195th Pl,Renton,WA 98058,USA
17/06/14 0:00,255000,3,1.75,1700,7532,1,0,0,3,1700,0,1987,2000,27456-27498 124th Ave SE,Kent,WA 98030,USA
17/06/14 0:00,1170000,4,2.5,2570,6251,2,0,0,3,2570,0,2000,0,1915 107th Ave SE,Bellevue,WA 98004,USA
17/06/14 0:00,479000,2,2.25,1230,932,2,0,0,3,1020,210,2004,2003,106 24th Ave E,Seattle,WA 98112,USA
17/06/14 0:00,1200000,4,3.5,4170,9748,2,0,0,3,4170,0,2004,2003,8264 154th Ave SE,Newcastle,WA 98059,USA
17/06/14 0:00,472000,3,2.5,1180,1262,3,0,0,3,1180,0,2010,0,2050 14th Ave W,Seattle,WA 98119,USA
17/06/14 0:00,198000,3,1.5,1430,7347,1,0,0,3,820,610,1980,0,2711 SW 344th Pl,Federal Way,WA 98023,USA
17/06/14 0:00,440000,4,2,1450,8400,1.5,0,0,4,1450,0,1962,0,14114 75th Ave NE,Kirkland,WA 98034,USA
17/06/14 0:00,506000,3,1.75,2180,7700,1,0,0,3,1480,700,1961,2004,17922 3rd Ave NW,Shoreline,WA 98177,USA
17/06/14 0:00,382500,4,2.5,2210,7079,2,0,0,3,2210,0,1993,0,11824 SE 203rd St,Kent,WA 98031,USA
17/06/14 0:00,269500,2,1.5,1480,7276,1,0,0,4,940,540,1978,2000,680 Shelton Ave NE,Renton,WA 98056,USA
17/06/14 0:00,560000,3,2,2340,3477,1,0,1,5,1170,1170,1971,0,5200 S Frontenac St,Seattle,WA 98118,USA
17/06/14 0:00,840000,4,3.5,3860,18334,2,0,0,3,3120,740,1996,0,12237 198th Ave NE,Woodinville,WA 98077,USA
17/06/14 0:00,479500,3,2.75,2300,4637,2,0,0,3,2300,0,2008,0,34623 SE Leitz St,Snoqualmie,WA 98065,USA
17/06/14 0:00,402000,3,1.5,1450,7375,1,0,0,3,1010,440,1968,1997,13420 121st Ave NE,Kirkland,WA 98034,USA
17/06/14 0:00,549000,2,2.5,1380,953,3,0,0,3,1380,0,2006,0,5010 Greenwood Ave N,Seattle,WA 98103,USA
17/06/14 0:00,449950,4,2.5,2470,3811,2,0,0,3,2470,0,1999,0,7206 Douglas Ave SE,Snoqualmie,WA 98065,USA
17/06/14 0:00,493000,4,1.75,2030,18295,1.5,0,0,4,2030,0,1975,0,12039 NE 145th St,Kirkland,WA 98034,USA
17/06/14 0:00,142500,4,0.75,1440,13300,1,0,0,3,1440,0,1948,1994,209 SW 142nd St,Burien,WA 98166,USA
17/06/14 0:00,250000,3,1.75,1160,6134,1,0,0,3,1160,0,1998,2006,3812 I Pl NE,Auburn,WA 98002,USA
17/06/14 0:00,729000,3,1,1580,3840,2,0,0,3,1580,0,1908,1988,112 10th Ave E,Seattle,WA 98102,USA
17/06/14 0:00,465000,2,2.75,1430,1425,2,0,0,3,995,435,2006,0,224 26th Ave E,Seattle,WA 98112,USA
17/06/14 0:00,465000,2,2,1494,19271,2,1,4,3,1494,0,1943,1997,12533 SW 148th St,Vashon,WA 98070,USA
17/06/14 0:00,280000,4,2.25,1930,7207,1,0,0,4,1360,570,1988,0,25011 119th Pl SE,Kent,WA 98030,USA
17/06/14 0:00,675000,6,1.75,2740,6360,1,0,3,3,1370,1370,1953,0,10721 Marine View Dr SW,Seattle,WA 98146,USA
17/06/14 0:00,667500,3,2,1880,3800,1,0,0,5,1030,850,1927,0,7535 18th Ave NE,Seattle,WA 98115,USA
17/06/14 0:00,809000,3,2.5,2590,7720,2,0,0,3,2590,0,1988,2000,14575 NE 57th St,Bellevue,WA 98007,USA
17/06/14 0:00,400000,3,2.25,2140,11266,2,0,0,3,2140,0,1986,0,27818 NE 141st St,Duvall,WA 98019,USA
17/06/14 0:00,310000,4,2,1870,6000,1.5,0,0,3,1870,0,1956,2001,11750 12th Ave NE,Seattle,WA 98125,USA
17/06/14 0:00,435000,2,1,1230,3800,1,0,0,3,1230,0,1928,1954,3306 NE 70th St,Seattle,WA 98115,USA
17/06/14 0:00,465950,4,2.5,2340,6896,2,0,0,3,2340,0,2001,0,463 Pasco Pl NE,Renton,WA 98059,USA
17/06/14 0:00,1538000,3,2.25,2880,7599,1,0,2,3,1710,1170,1958,2002,1806 10th Pl W,Kirkland,WA 98033,USA
17/06/14 0:00,253000,3,1.5,880,6600,1,0,0,5,880,0,1945,0,11457 70th Pl S,Seattle,WA 98178,USA
17/06/14 0:00,330000,3,2.5,3040,7232,2,0,0,3,3040,0,2003,0,29678 130th Way SE,Auburn,WA 98092,USA
17/06/14 0:00,554000,4,1,1120,7104,1.5,0,0,3,1120,0,1946,0,1212 NW 105th St,Seattle,WA 98177,USA
17/06/14 0:00,350000,3,2,1380,3600,3,0,0,3,1380,0,2013,1923,600 21st Ave,Seattle,WA 98122,USA
17/06/14 0:00,294999,4,2.5,1660,9760,2,0,0,3,1660,0,1994,0,11400-11616 SE 266th St,Kent,WA 98030,USA
17/06/14 0:00,1185001,3,2.75,2500,5568,2,0,0,5,2500,0,1905,0,723 16th Ave E,Seattle,WA 98112,USA
17/06/14 0:00,752000,4,2.5,2940,10382,2,0,0,4,2940,0,1991,0,14214 SE 77th St,Newcastle,WA 98059,USA
17/06/14 0:00,451000,4,2.5,1670,3315,2,0,0,3,1670,0,2005,0,2319 NE Marion Ln,Issaquah,WA 98029,USA
17/06/14 0:00,725000,4,2.75,2630,7505,2,0,0,3,2630,0,1994,0,13221 NE 93rd St,Redmond,WA 98052,USA
17/06/14 0:00,345000,4,2.75,2250,7412,1,0,0,4,1480,770,1975,0,15801 SE 175th Pl,Renton,WA 98058,USA
17/06/14 0:00,206000,3,1,1320,7000,1,0,0,4,1320,0,1967,0,1812 33rd St SE,Auburn,WA 98002,USA
17/06/14 0:00,2027000,4,3.75,4100,22798,1.5,0,3,5,2540,1560,1934,1979,4520 E Mercer Way,Mercer Island,WA 98040,USA
17/06/14 0:00,2475000,3,3.25,4340,4947,2,0,3,3,3060,1280,1993,0,5719 Seaview Ave NW,Seattle,WA 98107,USA
17/06/14 0:00,1728000,4,3,3700,20570,1,0,0,4,1850,1850,1976,1992,1206 86th Ave NE,Bellevue,WA 98004,USA
17/06/14 0:00,580000,5,2,2700,10875,1,0,0,4,1540,1160,1962,0,620 151st Pl NE,Bellevue,WA 98007,USA
17/06/14 0:00,430000,3,1,980,7200,1,0,0,4,980,0,1950,1983,3609 49th Ave SW,Seattle,WA 98116,USA
17/06/14 0:00,720000,4,2.5,2650,11520,2,0,0,3,2110,540,1988,2000,11433 NE 91st St,Kirkland,WA 98033,USA
17/06/14 0:00,824000,7,4.25,3670,4000,2,0,1,3,2800,870,1964,2000,2341 W Crockett St,Seattle,WA 98199,USA
17/06/14 0:00,936000,3,1.75,2960,12420,1,0,2,4,1480,1480,1952,0,3267 57th Ave SW,Seattle,WA 98116,USA
17/06/14 0:00,535000,4,2.75,3070,7201,2,0,0,3,3070,0,2006,0,5351 NE 4th Ct,Renton,WA 98059,USA
17/06/14 0:00,286800,3,2.5,1413,3600,2,0,0,3,1413,0,2011,0,20130 110th Terrace SE,Kent,WA 98031,USA
17/06/14 0:00,350000,2,2.5,1260,1347,3,0,0,3,1260,0,2005,0,9553 Interlake Ave N,Seattle,WA 98103,USA
17/06/14 0:00,345000,3,2.5,1680,2229,2,0,0,3,1680,0,2007,0,611 NE 165th St,Shoreline,WA 98155,USA
17/06/14 0:00,435000,3,2.25,1230,1238,2,0,0,3,1080,150,2009,0,3465 21st Ave W,Seattle,WA 98199,USA
17/06/14 0:00,1555000,3,3.5,4360,6240,2,0,3,3,2960,1400,2008,0,6812 Phinney Ave N,Seattle,WA 98103,USA
17/06/14 0:00,1325000,4,4,4420,16526,2,0,0,3,4420,0,2013,1923,SE 21st Ct,Sammamish,WA 98075,USA
18/06/14 0:00,461000,3,3.25,2770,6278,2,0,0,3,1980,790,2006,0,3419 Meadow Ave N,Renton,WA 98056,USA
18/06/14 0:00,770000,3,2.25,2910,10204,2,0,0,3,2910,0,1990,2009,18322 NE 99th Way,Redmond,WA 98052,USA
18/06/14 0:00,1384000,4,3.25,4290,12103,1,0,3,3,2690,1600,1997,0,17892 SE 58th Pl,Bellevue,WA 98006,USA
18/06/14 0:00,330000,3,2.5,1600,26977,2,0,0,3,1600,0,2005,0,32702 NE 202nd St,Duvall,WA 98019,USA
18/06/14 0:00,322500,4,2.5,1820,6753,2,0,0,3,1820,0,1994,0,24223 232nd Pl SE,Maple Valley,WA 98038,USA
18/06/14 0:00,1600000,6,5,6050,230652,2,0,3,3,6050,0,2001,0,29236 SE 5th St,Fall City,WA 98024,USA
18/06/14 0:00,475000,3,1.75,1700,8432,1,0,0,3,1230,470,1977,2004,1027B NE 130th St,Seattle,WA 98125,USA
18/06/14 0:00,250275,2,1,790,11234,1,0,0,4,790,0,1942,1982,17941 Riviera Pl SW,Normandy Park,WA 98166,USA
18/06/14 0:00,274500,3,2.25,1720,9000,1,0,0,4,1320,400,1969,0,3924 SW 316th St,Federal Way,WA 98023,USA
18/06/14 0:00,284950,3,1,990,10723,1,0,0,5,990,0,1960,0,12654 156th Ave SE,Renton,WA 98059,USA
18/06/14 0:00,264950,4,1.75,1770,9011,1,0,0,5,1050,720,1983,0,26418 199th Pl SE,Covington,WA 98042,USA
18/06/14 0:00,242000,3,2,1260,8092,1,0,0,3,1260,0,1986,0,21611 SE 266th St,Maple Valley,WA 98038,USA
18/06/14 0:00,913000,4,2.5,3640,10576,2,0,0,3,3640,0,1999,0,26966 SE 22nd Way,Sammamish,WA 98075,USA
18/06/14 0:00,555000,3,1.75,2040,6000,1,0,0,5,1120,920,1958,0,3850 51st Ave SW,Seattle,WA 98116,USA
18/06/14 0:00,711000,4,1.75,1980,10800,1,0,0,5,990,990,1948,1985,3712 88th Ave SE,Mercer Island,WA 98040,USA
18/06/14 0:00,403500,5,2.5,3600,17300,1,0,0,4,2410,1190,1968,0,427 SW 174th St,Normandy Park,WA 98166,USA
18/06/14 0:00,975000,4,2.5,4270,43386,1,0,0,3,2680,1590,1991,0,21502 NE 103rd St,Redmond,WA 98053,USA
18/06/14 0:00,253779,4,2,2030,9600,1.5,0,0,3,1430,600,1947,2012,4821 S 175th St,SeaTac,WA 98188,USA
18/06/14 0:00,384400,3,3.25,1689,1388,3,0,0,3,1689,0,2008,0,1021 NE 123rd St,Seattle,WA 98125,USA
18/06/14 0:00,646000,5,2.75,2870,4461,1,0,0,3,1650,1220,1976,0,6316 26th Ave NW,Seattle,WA 98107,USA
18/06/14 0:00,415000,3,1.75,1270,4800,1,0,0,3,1270,0,1952,2014,7340 35th Ave SW,Seattle,WA 98126,USA
18/06/14 0:00,764000,4,2.5,2790,7938,2,0,0,3,2790,0,1997,0,23319 NE 15th St,Sammamish,WA 98074,USA
18/06/14 0:00,507000,5,3.25,3850,16249,2,0,2,3,3030,820,2002,0,12975-12983 SE 301st St,Auburn,WA 98092,USA
18/06/14 0:00,545500,3,2.5,1560,9361,1.5,0,0,4,1360,200,1936,0,2930 S Edmunds St,Seattle,WA 98108,USA
18/06/14 0:00,450000,3,1.75,1180,4080,1,0,0,4,760,420,1928,0,7341 27th Ave NW,Seattle,WA 98117,USA
18/06/14 0:00,264000,4,1.75,1820,8118,1,0,0,4,1080,740,1980,0,12632 SE 214th St,Kent,WA 98031,USA
18/06/14 0:00,650000,5,1.75,1260,4500,1.5,0,0,3,1260,0,1926,2003,830 W Armour St,Seattle,WA 98119,USA
18/06/14 0:00,365000,3,2.5,2640,6715,2,0,0,3,1680,960,1991,0,17917 162nd Pl SE,Renton,WA 98058,USA
18/06/14 0:00,343566,2,1,1100,4200,1,0,0,3,1100,0,1954,2005,8005 46th Ave SW,Seattle,WA 98136,USA
18/06/14 0:00,375000,3,2.5,1950,6871,2,0,0,3,1950,0,1997,0,2475 NE 182nd Ct,Shoreline,WA 98155,USA
18/06/14 0:00,295000,3,2,1380,8682,1,0,0,4,1380,0,1966,0,19807-19813 10th Pl S,Des Moines,WA 98148,USA
18/06/14 0:00,325000,3,2.75,2200,7000,1,0,0,4,1280,920,1977,0,16304 128th Pl SE,Renton,WA 98058,USA
18/06/14 0:00,265000,4,1.5,2050,7100,1,0,0,3,1050,1000,1963,2008,29140 43rd Ave S,Auburn,WA 98001,USA
18/06/14 0:00,562000,5,3,2795,15101,2,0,0,3,2795,0,1996,0,14308 274th Pl NE,Duvall,WA 98019,USA
18/06/14 0:00,540000,4,2.5,2050,34222,2,0,0,4,2050,0,1989,0,17912 236th Pl NE,Woodinville,WA 98077,USA
18/06/14 0:00,4489000,4,3,6430,27517,2,0,0,3,6430,0,2001,0,1149-1199 91st Ave NE,Bellevue,WA 98004,USA
18/06/14 0:00,279950,5,1.75,2150,7171,1,0,0,4,1460,690,1970,0,23103 125th Ave SE,Kent,WA 98031,USA
18/06/14 0:00,540000,3,1.75,1970,8200,1,0,0,5,1420,550,1963,0,416 NW 181st St,Shoreline,WA 98177,USA
18/06/14 0:00,310000,4,2.5,2660,12672,1,0,0,4,1740,920,1960,2001,820 S 300th St,Federal Way,WA 98003,USA
18/06/14 0:00,190000,1,1,720,4800,1,0,0,3,720,0,1914,1996,8044-8112 Rainier Ave S,Seattle,WA 98118,USA
18/06/14 0:00,440000,4,2.5,2410,4780,2,0,0,3,2410,0,2000,0,34604 Cottonwood Dr SE,Snoqualmie,WA 98065,USA
18/06/14 0:00,1400000,3,2,2020,5500,1.5,0,3,3,1790,230,1937,1999,2340 Magnolia Blvd W,Seattle,WA 98199,USA
18/06/14 0:00,230000,2,1,1080,9435,1,0,0,3,1080,0,1958,2004,11915 SE 161st St,Renton,WA 98058,USA
18/06/14 0:00,455000,3,1.75,1180,14292,1,0,0,3,1180,0,1981,2013,45506 SE Tanner Rd,North Bend,WA 98045,USA
18/06/14 0:00,175000,2,1,660,5000,1,0,0,3,660,0,1915,0,4100 25th Ave SW,Seattle,WA 98106,USA
18/06/14 0:00,650000,3,1.75,2920,9370,1,0,0,4,1620,1300,1981,0,14245 SE 60th St,Bellevue,WA 98006,USA
18/06/14 0:00,3000000,4,4.25,4850,12445,2,1,4,5,3850,1000,1989,0,11031 Champagne Point Rd NE,Kirkland,WA 98034,USA
18/06/14 0:00,192500,3,1,1080,8580,1.5,0,0,3,1080,0,1900,2005,14490 57th Ave S,Tukwila,WA 98168,USA
18/06/14 0:00,239950,3,1.75,1670,6900,1,0,0,3,1170,500,1978,0,33838 37th Ave SW,Federal Way,WA 98023,USA
18/06/14 0:00,175000,6,1,1370,5080,1.5,0,0,3,1120,250,1931,0,8828 12th Ave SW,Seattle,WA 98106,USA
18/06/14 0:00,850000,5,3.5,3450,28324,1,0,0,5,2350,1100,1972,0,11010 108th Ave NE,Kirkland,WA 98033,USA
18/06/14 0:00,410000,4,2,1970,10500,1,0,0,3,1820,150,1961,2004,13666 17th Ave SW,Burien,WA 98166,USA
18/06/14 0:00,570000,4,2.5,2290,6738,2,0,0,3,2290,0,1996,0,4029-4035 252nd Ave SE,Issaquah,WA 98029,USA
18/06/14 0:00,469000,5,2.5,2240,7543,1,0,0,3,1140,1100,1966,1963,20216 12th Ave NW,Shoreline,WA 98177,USA
18/06/14 0:00,559000,2,1,1240,6400,1,0,1,4,1060,180,1938,0,5927 35th Ave SW,Seattle,WA 98126,USA
18/06/14 0:00,739888,3,2.5,2420,43177,2,0,4,4,1690,730,1989,0,4280 E Lake Sammamish Pkwy SE,Sammamish,WA 98075,USA
18/06/14 0:00,568450,5,3.5,3260,58806,2,0,0,4,3260,0,1969,0,25806 136th Ave SE,Kent,WA 98042,USA
18/06/14 0:00,240000,2,1,670,10920,1,0,0,3,670,0,1942,1999,10025-10037 31st Ave SW,Seattle,WA 98146,USA
18/06/14 0:00,574950,5,3.25,3160,10000,2,0,0,4,3160,0,1980,0,1010 Greenwood Blvd SW,Issaquah,WA 98027,USA
18/06/14 0:00,180000,3,2.25,1990,6350,2,0,0,3,1990,0,1967,2011,24433 14th Ave S,Des Moines,WA 98198,USA
18/06/14 0:00,1160000,4,3.5,4680,9700,2,0,0,3,3360,1320,2005,0,13128 SE Newport Way,Bellevue,WA 98006,USA
18/06/14 0:00,300000,3,2.5,1700,3575,2,0,0,3,1700,0,2000,0,6729 Shaffer Ave S,Seattle,WA 98108,USA
18/06/14 0:00,630000,4,2.5,2807,9430,2,0,0,3,2807,0,1996,0,8820 NE 160th Pl,Kenmore,WA 98028,USA
18/06/14 0:00,507000,4,1.75,1770,9375,1,0,0,4,1170,600,1968,0,10415 171st Ave NE,Redmond,WA 98052,USA
18/06/14 0:00,287500,4,2.5,2570,9000,1,0,0,4,1590,980,1979,0,33749 29th Ct SW,Federal Way,WA 98023,USA
18/06/14 0:00,688000,3,3,3450,16200,2,0,0,3,3450,0,1983,2009,22401 NE 25th Way,Sammamish,WA 98074,USA
18/06/14 0:00,424000,3,2,1670,7700,1,0,0,3,1170,500,1972,2002,10526 NE 139th St,Kirkland,WA 98034,USA
18/06/14 0:00,400000,3,1.75,1050,6150,1.5,0,0,4,950,100,1928,0,3617 48th Ave SW,Seattle,WA 98116,USA
18/06/14 0:00,620000,4,2.5,1910,7683,2,0,0,3,1910,0,1987,2000,4513 186th Ave SE,Issaquah,WA 98027,USA
18/06/14 0:00,300000,3,1,910,7700,1,0,0,4,910,0,1971,0,14200-14230 77th Ave NE,Kirkland,WA 98034,USA
18/06/14 0:00,615000,5,2.25,2480,12070,2,0,0,3,2480,0,1978,0,2206 Sahalee Dr E,Sammamish,WA 98074,USA
18/06/14 0:00,206000,2,1.5,1820,8867,2,0,0,3,1820,0,1921,2000,5206 S 142nd St,Tukwila,WA 98168,USA
18/06/14 0:00,515500,4,2.5,2920,7700,2,0,0,3,2920,0,2003,0,14821 272nd Pl NE,Duvall,WA 98019,USA
18/06/14 0:00,554000,5,2.25,1870,11411,1,0,0,4,1170,700,1961,2001,15871 37th Ave NE,Lake Forest Park,WA 98155,USA
18/06/14 0:00,825000,4,3.5,3810,9792,2,0,0,3,3810,0,1938,2013,11229 37th Ave SW,Seattle,WA 98146,USA
18/06/14 0:00,855000,4,2.25,2190,4080,2,0,0,3,1800,390,1918,0,2536 1st Ave W,Seattle,WA 98119,USA
18/06/14 0:00,315000,3,2.5,1730,6368,2,0,0,3,1730,0,1993,0,28001 232nd Pl SE,Maple Valley,WA 98038,USA
18/06/14 0:00,299000,5,2.5,2220,9360,1,0,0,4,1110,1110,1968,0,18820 129th Pl SE,Renton,WA 98058,USA
18/06/14 0:00,650000,3,1.5,1320,8114,1,0,0,3,1320,0,1951,1994,3110 109th Ave SE,Bellevue,WA 98004,USA
18/06/14 0:00,465000,3,1.75,1510,4800,1,0,2,3,860,650,1925,2011,3040 SW Avalon Way,Seattle,WA 98126,USA
18/06/14 0:00,535000,3,2,2120,4080,2,0,0,3,2120,0,2003,0,9115 227 Ave NE,Redmond,WA 98053,USA
18/06/14 0:00,564000,2,2,1690,4500,1,0,0,3,1690,0,2004,2003,23112 NE 127th Way,Redmond,WA 98053,USA
18/06/14 0:00,515000,3,3.5,1360,1419,2,0,0,3,1040,320,2007,0,5609 11th Ave NW,Seattle,WA 98107,USA
18/06/14 0:00,580000,4,2.5,3250,5000,2,0,0,3,3250,0,2008,0,976 Jericho Pl NE,Renton,WA 98059,USA
18/06/14 0:00,309000,3,2.25,1490,1294,2,0,0,3,1220,270,2010,0,5011-5021 Delridge Way SW,Seattle,WA 98106,USA
18/06/14 0:00,536751,3,1.75,1930,6360,1,0,0,3,1930,0,2013,1923,9129 Nye Ave SE,Snoqualmie,WA 98065,USA
18/06/14 0:00,415000,4,2.5,2020,5501,2,0,0,3,2020,0,2010,0,681 Ilwaco Ave NE,Renton,WA 98059,USA
18/06/14 0:00,267000,3,2.25,1584,2800,2,0,0,3,1584,0,2012,1912,1376 43rd St NE,Auburn,WA 98002,USA
18/06/14 0:00,820000,4,2.5,3170,8523,2,0,0,3,3170,0,2008,0,9401 117th Ave NE,Kirkland,WA 98033,USA
18/06/14 0:00,1399950,4,2.75,3870,10046,2,0,0,3,3870,0,2005,0,6515 112th Ave NE,Kirkland,WA 98033,USA
18/06/14 0:00,485000,2,2.5,1430,923,3,0,0,3,1410,20,2008,0,303 N 55th St,Seattle,WA 98103,USA
18/06/14 0:00,482000,3,3.25,1380,1120,3,0,0,3,1380,0,2008,0,4507 Linden Ave N,Seattle,WA 98103,USA
18/06/14 0:00,535000,4,2.5,2610,4595,2,0,0,3,2610,0,2008,0,7810 NE 199th St,Kenmore,WA 98028,USA
18/06/14 0:00,690000,3,3.25,1540,1428,3,0,0,3,1540,0,2013,1923,423 N 50th St,Seattle,WA 98103,USA
19/06/14 0:00,576000,3,2.5,1940,9000,1,0,0,4,970,970,1948,0,8817 28th Ave NW,Seattle,WA 98117,USA
19/06/14 0:00,378750,3,2.5,2160,3000,1.5,0,0,3,1260,900,1909,2011,3508 S Genesee St,Seattle,WA 98118,USA
19/06/14 0:00,269900,4,1.75,1530,8750,1.5,0,0,4,1530,0,1968,0,13805 SE Fairwood Blvd,Renton,WA 98058,USA
19/06/14 0:00,210000,3,2,1440,7210,1,0,0,3,1440,0,1983,2009,11803 SE 322nd Pl,Auburn,WA 98092,USA
19/06/14 0:00,429900,4,2.5,2640,8625,2,0,0,3,2640,0,1987,2000,14007 SE 159th Pl,Renton,WA 98058,USA
19/06/14 0:00,1525000,4,3.25,3620,5131,2,0,3,4,2350,1270,1927,0,3283 Conkling Pl W,Seattle,WA 98119,USA
19/06/14 0:00,360000,4,2.5,2850,4650,2,0,0,3,2850,0,2004,2003,27437 237th Ave SE,Maple Valley,WA 98038,USA
19/06/14 0:00,405000,2,1,1260,4377,1,0,0,4,1260,0,1947,1988,9532 Phinney Ave N,Seattle,WA 98103,USA
19/06/14 0:00,450000,3,1.75,1610,11200,1,0,0,3,1610,0,1955,2005,12234 NE 65th St,Kirkland,WA 98033,USA
19/06/14 0:00,703000,3,2,1360,5980,1.5,0,0,3,1360,0,1945,2008,4401 SW Hill St,Seattle,WA 98116,USA
19/06/14 0:00,661000,4,2.5,2496,8058,2,0,0,3,2496,0,1998,2006,8517 143rd Ct NE,Redmond,WA 98052,USA
19/06/14 0:00,580000,4,2.25,2160,9593,1,0,0,3,2160,0,1969,2010,2422 171 Ave SE,Bellevue,WA 98008,USA
19/06/14 0:00,464000,3,1,1320,3625,2,0,0,3,1320,0,1900,2005,316 35th Ave,Seattle,WA 98122,USA
19/06/14 0:00,945000,2,2.5,2540,7089,2,0,0,3,2540,0,2004,2003,3241 63rd Ave SW,Seattle,WA 98116,USA
19/06/14 0:00,659500,4,3,2620,18362,1,0,0,4,1870,750,1956,0,11605 SE 45th Pl,Bellevue,WA 98006,USA
19/06/14 0:00,200000,3,1.5,1140,8340,1,0,0,3,1140,0,1960,2012,14015 43rd Ave S,Tukwila,WA 98168,USA
19/06/14 0:00,280000,3,2,1790,42399,1,0,0,4,1790,0,1990,0,15611 SE 322nd Pl,Auburn,WA 98092,USA
19/06/14 0:00,1325000,4,2.5,2440,3600,2.5,0,0,4,2440,0,1902,0,400 W Highland Dr,Seattle,WA 98119,USA
19/06/14 0:00,346150,3,2,2140,7200,1,0,0,4,1480,660,1966,0,2515 NE 19th St,Renton,WA 98056,USA
19/06/14 0:00,197500,3,1,1330,5412,2,0,0,5,1330,0,1905,0,1535 Griffin Ave,Enumclaw,WA 98022,USA
19/06/14 0:00,799000,4,2.5,2590,7910,2,0,0,3,2590,0,2001,0,4022 NE 95th St,Seattle,WA 98115,USA
19/06/14 0:00,1309500,4,4.5,4750,13912,2,0,2,3,3600,1150,2005,0,7732 Seward Park Ave S,Seattle,WA 98118,USA
19/06/14 0:00,350000,2,1,1620,9205,1,0,0,5,850,770,1921,0,12411 84th Ave NE,Kirkland,WA 98034,USA
19/06/14 0:00,720000,4,2.5,2440,34290,2,0,0,3,2440,0,1987,2000,7210 221st Ave NE,Redmond,WA 98053,USA
19/06/14 0:00,519000,3,2.75,2020,10744,1,0,0,5,1270,750,1954,0,18107-18199 6th Ave SW,Normandy Park,WA 98166,USA
19/06/14 0:00,590300,3,1.5,1470,7200,2,0,0,4,1470,0,1907,0,4709 43rd Ave S,Seattle,WA 98118,USA
19/06/14 0:00,2200000,5,4.75,5990,10450,2,1,4,3,4050,1940,2002,0,5170 NW Sammamish Rd,Issaquah,WA 98027,USA
19/06/14 0:00,410000,6,2.75,2520,9324,1,0,0,4,1320,1200,1962,0,3306 NE 185th St,Lake Forest Park,WA 98155,USA
19/06/14 0:00,437000,2,1.75,1440,4225,1,0,0,3,1440,0,2005,0,23047 NE 130th St,Redmond,WA 98053,USA
19/06/14 0:00,221000,3,2.25,1640,7350,1,0,0,3,1140,500,1984,0,37724 26th Dr S,Federal Way,WA 98003,USA
19/06/14 0:00,380000,4,2.25,2150,20181,1,0,0,3,1090,1060,1963,2008,18507 71st Ave NE,Kenmore,WA 98028,USA
19/06/14 0:00,506000,2,1,1570,8210,1,0,0,4,1150,420,1952,0,12723 11th Ave NW,Seattle,WA 98177,USA
19/06/14 0:00,395000,4,1,1980,10350,1,0,0,4,1430,550,1968,0,475 SW Forest Dr,Issaquah,WA 98027,USA
19/06/14 0:00,285000,3,1,1210,4731,1.5,0,0,3,1210,0,1901,0,7749-7999 31st Ave NW,Seattle,WA 98117,USA
19/06/14 0:00,311000,3,1.75,1900,3000,1.5,0,0,5,1070,830,1903,0,8653 Wabash Ave S,Seattle,WA 98118,USA
19/06/14 0:00,520000,3,1.75,1940,219527,1,0,0,3,1940,0,1991,0,24020 SE 202nd St,Maple Valley,WA 98038,USA
19/06/14 0:00,435000,3,1.75,1310,8065,1,0,0,4,1310,0,1948,0,9729 Dibble Ave NW,Seattle,WA 98117,USA
19/06/14 0:00,120000,2,1,990,39964,1,0,0,2,990,0,1945,0,19229 SE 272nd St,Kent,WA 98042,USA
19/06/14 0:00,1440000,3,3.5,3870,3819,2,0,0,3,2760,1110,2002,0,2720 Boyer Ave E,Seattle,WA 98102,USA
19/06/14 0:00,186000,3,2,1340,4320,1,0,0,3,920,420,1912,1993,119 10th St SE,Auburn,WA 98002,USA
19/06/14 0:00,756000,4,2.25,2160,5600,1,0,0,5,1080,1080,1947,0,2667 11th Ave W,Seattle,WA 98119,USA
19/06/14 0:00,248000,4,2,2080,13510,1,0,0,3,1040,1040,1950,2005,6105 S 124th St,Seattle,WA 98178,USA
19/06/14 0:00,287000,3,2,1300,11374,1.5,0,0,5,1300,0,1933,0,13304 24th Ave S,SeaTac,WA 98168,USA
19/06/14 0:00,510000,4,2.5,2610,8031,2,0,0,3,2610,0,1998,2006,19615 55th Ave NE,Lake Forest Park,WA 98155,USA
19/06/14 0:00,249000,3,1,1050,8498,1,0,0,4,1050,0,1959,0,22115 104th Pl SE,Kent,WA 98031,USA
19/06/14 0:00,340000,3,2.5,2480,6112,2,0,0,3,2480,0,2004,2003,18210 170th Pl SE,Renton,WA 98058,USA
19/06/14 0:00,399888,4,2.25,1820,8255,1.5,0,0,4,1320,500,1930,0,1559 N 130th St,Seattle,WA 98133,USA
19/06/14 0:00,440000,3,1.75,1170,8740,1,0,0,4,1170,0,1968,0,9319 167th Ave NE,Redmond,WA 98052,USA
19/06/14 0:00,899000,4,2.25,2370,6000,1,0,2,3,1440,930,1959,1989,2411 NW Blue Ridge Dr,Seattle,WA 98177,USA
19/06/14 0:00,540500,5,3.75,3090,7415,2,0,0,3,3090,0,2014,0,493 S 187th Ln,Burien,WA 98148,USA
19/06/14 0:00,385000,3,1.75,2310,11200,1,0,0,4,1630,680,1978,2000,26525 Woodland Way S,Kent,WA 98030,USA
19/06/14 0:00,558000,4,2.25,2060,10358,1,0,0,4,1320,740,1962,0,6132-6198 125th Ave SE,Bellevue,WA 98006,USA
19/06/14 0:00,600000,3,2,2540,237402,1,0,0,3,2540,0,2007,0,37124-37118 237th Pl SE,Enumclaw,WA 98022,USA
19/06/14 0:00,450000,4,2.5,2400,7693,2,0,0,3,2400,0,2003,0,378 Nile Pl NE,Renton,WA 98059,USA
19/06/14 0:00,232500,3,1,1320,8450,1,0,0,3,880,440,1961,2004,30606 2nd Ave SW,Federal Way,WA 98023,USA
19/06/14 0:00,436000,2,1,790,6600,1,0,0,3,790,0,1949,1998,1524 30th Ave,Seattle,WA 98122,USA
19/06/14 0:00,240000,4,2,1790,14690,1,0,1,4,1670,120,1960,2001,1009 S 229th Pl,Des Moines,WA 98198,USA
19/06/14 0:00,489950,3,2.25,1820,7326,2,0,0,3,1820,0,1983,2009,9243 NE 126th Pl,Kirkland,WA 98034,USA
19/06/14 0:00,680000,6,2,1670,3000,1,0,0,5,900,770,1911,1984,4718 11th Ave NE,Seattle,WA 98105,USA
19/06/14 0:00,1068000,5,3.5,3990,9938,2,0,0,3,3990,0,2001,0,13828 SE 92nd St,Newcastle,WA 98059,USA
19/06/14 0:00,352450,3,2,1430,6000,1,0,0,5,1430,0,1945,0,17510 12th Ave NE,Shoreline,WA 98155,USA
19/06/14 0:00,335000,4,2,2030,103672,1,0,0,4,2030,0,1969,0,27610 SE Mud Mountain Rd,Enumclaw,WA 98022,USA
19/06/14 0:00,549000,4,1.75,1290,3060,2,0,0,4,1290,0,1906,1990,742 N 70th St,Seattle,WA 98103,USA
19/06/14 0:00,1240000,4,3.5,3820,13224,2,0,0,3,3280,540,1990,2009,1037 106th Ave SE,Bellevue,WA 98004,USA
19/06/14 0:00,618250,4,3.25,2520,3360,1.5,0,0,4,1550,970,1931,0,7019 Brooklyn Ave NE,Seattle,WA 98115,USA
19/06/14 0:00,1815000,5,3,3880,13000,2,0,0,3,3880,0,1972,2003,7845 SE 62nd St,Mercer Island,WA 98040,USA
19/06/14 0:00,850000,2,1.75,1590,5136,1.5,0,3,3,1320,270,1927,2011,2505 42nd Ave W,Seattle,WA 98199,USA
19/06/14 0:00,930000,5,2,3530,9385,1.5,0,0,3,3530,0,1925,2002,2833 Cascadia Ave S,Seattle,WA 98144,USA
19/06/14 0:00,505000,3,2.5,1610,4611,2,0,0,3,1610,0,1996,0,24944 SE 43rd St,Issaquah,WA 98029,USA
19/06/14 0:00,925000,4,2.5,3280,209088,2,0,0,3,3280,0,1994,0,5310 236th Ave NE,Redmond,WA 98053,USA
19/06/14 0:00,275000,3,1.75,1860,15681,1,0,0,4,1860,0,1971,0,304 SW 316th St,Federal Way,WA 98023,USA
19/06/14 0:00,499000,3,1.75,1840,5000,1,0,0,4,920,920,1910,0,7043 Mary Ave NW,Seattle,WA 98117,USA
19/06/14 0:00,507000,3,2.5,2120,7201,2,0,0,3,2120,0,2003,0,12200 Densmore Ave N,Seattle,WA 98133,USA
19/06/14 0:00,619850,4,2.5,2270,9247,1,0,0,5,1500,770,1972,0,4802 122nd Ave SE,Bellevue,WA 98006,USA
19/06/14 0:00,500000,3,2.5,2840,48716,1,0,3,3,1870,970,1994,0,9320 318th Pl NE,Carnation,WA 98014,USA
19/06/14 0:00,310000,4,1.5,1220,9600,1,0,0,3,1220,0,1980,0,4201 Regal St,Carnation,WA 98014,USA
19/06/14 0:00,646000,4,2.5,2310,4079,2,0,0,3,2310,0,2008,0,8903 3rd Ave NW,Seattle,WA 98117,USA
19/06/14 0:00,265000,3,1.75,1840,7300,1,0,0,3,1840,0,1966,1963,2714 SW 323rd St,Federal Way,WA 98023,USA
19/06/14 0:00,475000,3,2.5,950,1110,2,0,0,3,950,0,2003,0,419 Federal Ave E,Seattle,WA 98102,USA
19/06/14 0:00,600000,4,2.25,3070,8400,2,0,0,4,3070,0,1970,0,12869-12951 NE 144th Way,Kirkland,WA 98034,USA
19/06/14 0:00,470000,3,2,1730,38884,1,0,0,3,1730,0,1997,0,29448 SE 208th St,Maple Valley,WA 98038,USA
19/06/14 0:00,319950,2,1,920,8341,1,0,0,3,920,0,1939,1969,11260 Marine View Dr SW,Seattle,WA 98146,USA
19/06/14 0:00,712000,3,2.75,3200,6699,2,0,0,3,3200,0,2004,2003,26008 SE 23rd Pl,Sammamish,WA 98075,USA
19/06/14 0:00,775000,4,2.75,3010,15992,2,0,0,3,3010,0,1996,0,25916 SE 22nd Pl,Sammamish,WA 98075,USA
19/06/14 0:00,390000,3,2.25,1600,10240,1,0,0,3,1090,510,1979,2014,14102 81st Pl NE,Kirkland,WA 98034,USA
19/06/14 0:00,585000,4,2.5,2840,11044,2,0,0,3,2840,0,2001,0,12458 Juanita Dr NE,Kirkland,WA 98034,USA
19/06/14 0:00,1027000,3,2.5,2430,10500,2,0,1,3,2430,0,1989,0,3215 107th Ave SE,Bellevue,WA 98004,USA
19/06/14 0:00,232603,3,1.75,1750,11461,2,0,0,4,1750,0,1976,1992,1002 Pike St NE,Auburn,WA 98002,USA
19/06/14 0:00,543000,3,2.25,1240,949,3,0,0,3,1240,0,2008,0,3455 Meridian Ave N,Seattle,WA 98103,USA
19/06/14 0:00,607500,3,3.25,1530,1612,3,0,0,3,1530,0,2006,0,1537 NW 58th St,Seattle,WA 98107,USA
19/06/14 0:00,750000,3,3.5,3390,10078,2,0,0,3,3040,350,2012,1912,11619 SE 73rd Pl,Newcastle,WA 98059,USA
19/06/14 0:00,728050,3,2.5,2320,6775,1,0,0,3,2320,0,2008,0,24233 NE 131st Terrace,Redmond,WA 98053,USA
19/06/14 0:00,734990,4,2.5,2650,6884,2,0,0,3,2650,0,2012,1912,Eastridge Drive Promenade,Redmond,WA 98053,USA
19/06/14 0:00,330000,3,2.5,2238,7209,2,0,0,3,2238,0,2011,0,1326 SW 340th St,Federal Way,WA 98023,USA
20/06/14 0:00,605000,4,2.5,2620,7553,2,0,0,3,2620,0,1996,0,8113 120th Pl SE,Newcastle,WA 98056,USA
20/06/14 0:00,441000,3,2.75,1910,7280,1,0,0,3,1160,750,1979,2014,14413 88th Ave NE,Kirkland,WA 98034,USA
20/06/14 0:00,650000,4,2.5,3040,6587,2,0,0,3,3040,0,2003,0,22540 NE 92nd St,Redmond,WA 98053,USA
20/06/14 0:00,1950000,7,3.5,4640,15235,2,0,1,3,2860,1780,1965,2003,8105 SE 44th St,Mercer Island,WA 98040,USA
20/06/14 0:00,395000,3,1,1500,4000,1,0,0,3,900,600,1925,2002,8548 18th Ave NW,Seattle,WA 98117,USA
20/06/14 0:00,245000,1,0.75,380,15000,1,0,0,3,380,0,1963,2008,13602 8th Ave S,Burien,WA 98168,USA
20/06/14 0:00,905000,4,3.5,2970,14486,2,0,0,3,2340,630,1997,0,9400 SE 47th St,Mercer Island,WA 98040,USA
20/06/14 0:00,660000,4,3.25,3030,9273,2,0,0,5,3030,0,1988,0,24554 SE 39th Pl,Issaquah,WA 98029,USA
20/06/14 0:00,378000,4,2.5,1890,12236,1,0,0,3,1230,660,1978,0,41936 SE 168th St,North Bend,WA 98045,USA
20/06/14 0:00,600000,2,1,1040,3600,1,0,0,4,1040,0,1919,1980,122 16th Ave E,Seattle,WA 98112,USA
20/06/14 0:00,632500,4,2.5,2090,10306,2,0,0,3,2090,0,1986,0,21604 NE 22nd Ct,Sammamish,WA 98074,USA
20/06/14 0:00,210000,2,2,1680,5756,2,0,0,4,1680,0,1910,0,111 F St SE,Auburn,WA 98002,USA
20/06/14 0:00,754800,2,2.5,2770,7781,2,0,0,3,2770,0,2006,0,Sunrise Loop Trail,Redmond,WA 98053,USA
20/06/14 0:00,175000,2,1,1020,5130,1,0,0,4,1020,0,1948,0,214 7th St SE,Auburn,WA 98002,USA
20/06/14 0:00,455000,3,2.25,1470,4653,2,0,0,4,1470,0,1985,0,24201-24231 SE 43rd Ct,Issaquah,WA 98029,USA
20/06/14 0:00,450000,3,2,1430,3480,1,0,0,3,980,450,1947,2012,8012 Wallingford Ave N,Seattle,WA 98103,USA
20/06/14 0:00,790000,4,1.75,2050,10920,1,0,3,3,1450,600,1974,0,3860 NE 157th Pl,Lake Forest Park,WA 98155,USA
20/06/14 0:00,480000,4,1,2080,5500,1,0,0,3,1040,1040,1941,1994,7520 Jones Ave NW,Seattle,WA 98117,USA
20/06/14 0:00,850000,3,2.25,2870,8170,2,0,0,3,2250,620,1995,0,7446-7498 Gatewood Rd SW,Seattle,WA 98136,USA
20/06/14 0:00,725000,4,3.25,3940,27591,2,0,3,3,3440,500,2000,0,17161 SE 100th St,Renton,WA 98059,USA
20/06/14 0:00,380000,3,1.5,1520,4288,1,0,0,3,1020,500,1949,1998,4218 SW Sullivan St,Seattle,WA 98136,USA
20/06/14 0:00,979000,3,1.5,1700,14133,1,0,1,4,1700,0,1954,1979,9000 Lake Washington Blvd NE,Bellevue,WA 98004,USA
20/06/14 0:00,359950,3,2.25,1940,11612,1,0,0,4,1100,840,1981,0,11317 82nd Ave S,Seattle,WA 98178,USA
20/06/14 0:00,665900,4,2.25,2870,5453,2,0,1,4,2220,650,1926,1993,10030 44th Ave SW,Seattle,WA 98146,USA
20/06/14 0:00,812000,3,3.25,3240,8338,2,0,0,3,3240,0,2001,0,20627 NE 25th Ct,Sammamish,WA 98074,USA
20/06/14 0:00,203000,3,1,1150,7156,1,0,0,4,1150,0,1953,1983,1226 S 130th Pl,Burien,WA 98168,USA
20/06/14 0:00,456000,3,1.5,1440,28516,1,0,0,4,1440,0,1975,0,24972 SE 30th St,Sammamish,WA 98075,USA
20/06/14 0:00,547000,5,2.5,2200,4080,1.5,0,0,5,1420,780,1916,0,8007 Fremont Ave N,Seattle,WA 98103,USA
20/06/14 0:00,280000,3,2,1470,8089,1,0,0,3,1470,0,1987,2000,23825 14th Ave S,Des Moines,WA 98198,USA
20/06/14 0:00,640000,2,1.75,1760,4400,1,0,0,4,880,880,1930,0,3526 Ashworth Ave N,Seattle,WA 98103,USA
20/06/14 0:00,477000,3,1.75,1780,8085,1,0,0,3,1210,570,1976,0,14815 108th Pl NE,Bothell,WA 98011,USA
20/06/14 0:00,455000,4,2.25,2450,21000,1,0,2,4,1650,800,1954,1979,16406 8th Ave SW,Burien,WA 98166,USA
20/06/14 0:00,587206,3,3.5,1890,1710,2,0,0,3,1640,250,1999,0,723 N 43rd St,Seattle,WA 98103,USA
20/06/14 0:00,425000,3,2.5,2540,5612,2,0,0,3,2540,0,1999,0,824 Chelan Pl NE,Renton,WA 98059,USA
20/06/14 0:00,511500,4,1,1360,6000,1.5,0,0,3,1360,0,1917,2009,7714 37th Ave NE,Seattle,WA 98115,USA
20/06/14 0:00,218000,2,2,1310,2841,2,0,0,3,1310,0,2004,2003,28107 240th Ave SE,Maple Valley,WA 98038,USA
20/06/14 0:00,332000,3,2,1510,7884,1,0,0,3,1510,0,1942,2014,1015 SW 150th St,Burien,WA 98166,USA
20/06/14 0:00,291000,3,1.5,1860,60960,1,0,0,4,1140,720,1967,0,24815 180th Ave SE,Covington,WA 98042,USA
20/06/14 0:00,279000,4,2,2200,7700,1,0,0,3,1100,1100,1979,2014,1809 Glenwood Ave SE,Renton,WA 98058,USA
20/06/14 0:00,950000,4,2.5,3360,11548,2,0,0,3,3360,0,1988,2000,4926 119th Pl NE,Kirkland,WA 98033,USA
20/06/14 0:00,970500,3,2.75,2470,10125,2,0,0,3,2470,0,1960,2012,4511 87th Ave SE,Mercer Island,WA 98040,USA
20/06/14 0:00,412000,2,1,1260,3960,1,0,0,3,690,570,1925,2002,8329 27th Ave NW,Seattle,WA 98117,USA
20/06/14 0:00,400000,3,1,1430,10005,1.5,0,0,4,1430,0,1950,1983,12231 Densmore Ave N,Seattle,WA 98133,USA
20/06/14 0:00,200000,3,2.25,1230,7420,1.5,0,0,5,1230,0,1913,0,804 12th St NE,Auburn,WA 98002,USA
20/06/14 0:00,397000,4,2.5,2320,11717,2,0,0,3,2320,0,1997,0,1000 Mountain View Blvd SE,North Bend,WA 98045,USA
20/06/14 0:00,715000,4,2.5,3290,6628,2,0,0,3,3290,0,2003,0,918 272nd Pl SE,Sammamish,WA 98075,USA
20/06/14 0:00,371000,4,2.5,2550,4770,2,0,0,3,2550,0,2005,0,27815 256th Ct SE,Maple Valley,WA 98038,USA
20/06/14 0:00,458000,3,2.5,1870,5013,2,0,0,3,1870,0,2003,0,8927 NE 176th St,Bothell,WA 98011,USA
20/06/14 0:00,436500,5,3,3110,12429,1,0,0,3,1790,1320,1977,2004,16021-16299 Waynita Way NE,Bothell,WA 98011,USA
20/06/14 0:00,329950,3,2.5,1820,8085,2,0,0,3,1820,0,1983,2009,1142 S 23rd St,Renton,WA 98055,USA
20/06/14 0:00,950000,3,3.25,3050,18892,1,1,4,4,1650,1400,1962,0,554-598 S 239th St,Des Moines,WA 98198,USA
20/06/14 0:00,282000,4,2,1890,6302,2,0,0,3,1890,0,1997,0,10125 SE 242nd Pl,Kent,WA 98030,USA
20/06/14 0:00,250000,1,1,800,16306,1,0,0,2,680,120,1931,0,12419 20th Ave S,Seattle,WA 98168,USA
20/06/14 0:00,1135000,6,4.25,6900,244716,2,0,0,4,4820,2080,2002,0,16903 246th Ave NE,Woodinville,WA 98077,USA
20/06/14 0:00,400000,4,1.75,2670,189486,2,0,4,3,2670,0,1972,2002,38107 212th Ave SE,Auburn,WA 98092,USA
20/06/14 0:00,681500,5,2.75,3260,11700,1,0,0,3,1630,1630,1964,2000,17813 NE 8th Pl,Bellevue,WA 98008,USA
20/06/14 0:00,200000,2,1,860,6600,1,0,0,5,860,0,1949,0,12824 7th Ave S,Burien,WA 98168,USA
20/06/14 0:00,1300000,5,4,3366,7800,2.5,0,2,3,2966,400,1937,1999,2617 W Barrett St,Seattle,WA 98199,USA
20/06/14 0:00,1462497,5,3.25,3840,4800,3,0,3,3,2750,1090,2008,0,1116 33rd Ave S,Seattle,WA 98144,USA
20/06/14 0:00,995000,4,4.5,3850,13551,2,0,2,3,3000,850,1998,2006,5659 178th Ave SE,Bellevue,WA 98006,USA
20/06/14 0:00,355000,4,2.5,2040,8265,2,0,0,3,2040,0,1996,0,11830 6th Pl SW,Seattle,WA 98146,USA
20/06/14 0:00,425000,3,2.25,1790,10209,1,0,0,3,1290,500,1967,2011,16544 189th Ave NE,Woodinville,WA 98072,USA
20/06/14 0:00,869000,4,3,3740,30884,2,0,0,3,3060,680,1988,2000,16534 NE 169th Pl,Woodinville,WA 98072,USA
20/06/14 0:00,915000,3,3.25,2660,4000,2,0,0,3,2170,490,2003,0,3414 E Denny Way,Seattle,WA 98122,USA
20/06/14 0:00,2110000,3,2.25,3230,17833,2,0,0,4,3230,0,1973,0,12 Columbia Key,Bellevue,WA 98006,USA
20/06/14 0:00,925000,4,2,3140,10437,1,0,0,4,2040,1100,1959,0,8211 Sedgewick Ln,Mercer Island,WA 98040,USA
20/06/14 0:00,2400000,6,4.5,5480,10800,2,0,3,4,4430,1050,1999,0,1223 7th Ave W,Seattle,WA 98119,USA
20/06/14 0:00,390000,3,1,1160,3750,1.5,0,0,3,1160,0,1910,2006,4146 20th Ave SW,Seattle,WA 98106,USA
20/06/14 0:00,330000,3,2.25,1860,11227,2,0,0,3,1860,0,1995,0,23217 SE 239th St,Maple Valley,WA 98038,USA
20/06/14 0:00,482500,4,3,1630,7626,1,0,0,5,1110,520,1990,0,12033 20th Ave NE,Seattle,WA 98125,USA
20/06/14 0:00,525000,3,2.25,1750,1879,3,0,0,3,1750,0,2001,0,2619 NW 60th St,Seattle,WA 98107,USA
20/06/14 0:00,237000,3,1,1300,8160,1,0,0,4,1300,0,1960,2001,10241 126th Ave SE,Renton,WA 98056,USA
20/06/14 0:00,205000,3,1,960,7314,1,0,0,5,960,0,1960,0,604 Cedar Dr SE,Auburn,WA 98002,USA
20/06/14 0:00,623000,3,2.5,1850,7777,2,0,0,5,1850,0,1989,0,12833 NE 101st Pl,Kirkland,WA 98033,USA
20/06/14 0:00,565000,4,2.75,3260,4900,2,0,0,3,3260,0,2013,1923,16222 SE 135th Pl,Renton,WA 98059,USA
20/06/14 0:00,400000,4,2.25,2420,7927,1,0,0,4,1400,1020,1973,0,17812-17818 Stone Ave N,Shoreline,WA 98133,USA
20/06/14 0:00,405000,3,1,1460,10000,1.5,0,0,3,1460,0,2002,0,1321 208th Ave NE,Sammamish,WA 98074,USA
20/06/14 0:00,337000,4,3,2240,8504,2,0,0,3,2240,0,1992,0,14532-14536 31st Ave NE,Shoreline,WA 98155,USA
20/06/14 0:00,355000,2,1,1240,27042,1,0,1,3,1000,240,1943,2002,11516 103rd Ave SW,Vashon,WA 98070,USA
20/06/14 0:00,885000,3,2.25,2060,9552,1,0,0,4,1610,450,1975,0,7031 81st Ave SE,Mercer Island,WA 98040,USA
20/06/14 0:00,420000,5,2.75,2280,10319,1,0,0,3,1300,980,1959,1989,504 NW 175th Ct,Shoreline,WA 98177,USA
20/06/14 0:00,448000,4,2.5,2510,6853,2,0,2,3,2510,0,2006,0,27498 254th Pl SE,Maple Valley,WA 98038,USA
20/06/14 0:00,800000,4,2.75,3150,7035,2,0,0,3,3150,0,2004,2003,1105 273rd Pl SE,Sammamish,WA 98075,USA
20/06/14 0:00,830000,5,2.25,2780,10192,2,0,0,4,2780,0,1978,2000,14111 NE 4th St,Bellevue,WA 98007,USA
20/06/14 0:00,725000,6,1.75,2380,4080,2,0,0,3,2380,0,1917,2009,4554 Latona Ave NE,Seattle,WA 98105,USA
20/06/14 0:00,780000,3,2.25,2140,3000,2,0,0,3,2140,0,1905,2006,537 N 66th St,Seattle,WA 98103,USA
20/06/14 0:00,325000,2,1,840,4239,1,0,0,3,840,0,1948,1994,7901-7911 39th Ave SW,Seattle,WA 98136,USA
20/06/14 0:00,488800,4,2.25,2170,9665,1,0,0,4,1300,870,1976,1992,6438 131st Ave SE,Bellevue,WA 98006,USA
20/06/14 0:00,1320000,4,3.5,4410,36200,2,0,0,3,4410,0,1989,0,6133 160th Ave SE,Bellevue,WA 98006,USA
20/06/14 0:00,489000,4,2,2120,11479,1,0,0,4,1060,1060,1940,2001,10822-10830 24th Ave NE,Seattle,WA 98125,USA
20/06/14 0:00,1240000,7,5.5,6630,13782,2,0,0,3,4930,1700,2004,2003,16659 SE 69th Way,Bellevue,WA 98006,USA
20/06/14 0:00,595000,3,2.75,3290,22649,2,0,0,4,3290,0,1993,0,3616 Lincoln Ave NE,Newcastle,WA 98056,USA
20/06/14 0:00,359900,5,2.25,2290,7420,1,0,0,3,1290,1000,1973,2013,13038 SE 184th Pl,Renton,WA 98058,USA
20/06/14 0:00,1080000,3,3,4910,43560,2,0,0,4,4000,910,1989,0,2100 156th Ave SE,Bellevue,WA 98007,USA
20/06/14 0:00,925000,4,2.75,3730,8014,2,0,0,3,3730,0,2012,1912,625 212th Ave SE,Sammamish,WA 98074,USA
20/06/14 0:00,625000,3,2.5,2440,4800,2,0,0,3,2440,0,2014,0,4754 26th Ave SW,Seattle,WA 98106,USA
20/06/14 0:00,339990,3,2.5,2570,4600,2,0,0,3,2570,0,2014,0,5703 Charlotte Ave SE,Auburn,WA 98092,USA
20/06/14 0:00,775950,4,2.5,2970,4400,2,0,0,3,2970,0,2014,0,16904 NE 116th St,Redmond,WA 98052,USA
20/06/14 0:00,420000,5,3,2630,3149,2,0,0,3,1670,960,2013,1923,3608 NE Sunset Blvd,Renton,WA 98056,USA
20/06/14 0:00,654000,3,3.25,1530,1565,2,0,0,3,1280,250,2005,0,1806 15th Ave,Seattle,WA 98122,USA
20/06/14 0:00,725000,3,3.5,3690,8837,2,0,0,3,3690,0,2001,0,34809 SE Garden Ct,Snoqualmie,WA 98065,USA
21/06/14 0:00,375000,2,1,1230,1820,2,0,0,4,830,400,1948,0,3257 NW Market St,Seattle,WA 98107,USA
21/06/14 0:00,1100000,3,2.5,2200,20000,1,0,1,3,1400,800,1952,2008,3244 112th Ave SE,Bellevue,WA 98004,USA
21/06/14 0:00,639500,4,2.25,2330,8994,2,0,0,3,2330,0,1986,0,14106 176th Ave NE,Redmond,WA 98052,USA
21/06/14 0:00,849000,4,2,2160,6300,1.5,0,1,4,2160,0,1928,0,4103 Hillcrest Ave SW,Seattle,WA 98116,USA
21/06/14 0:00,418000,4,1.5,1550,9176,1,0,0,3,1000,550,1956,2001,1015 158th Pl SE,Bellevue,WA 98008,USA
21/06/14 0:00,442900,4,1.75,1780,2788,1,0,0,4,890,890,1943,0,3423 33rd Ave W,Seattle,WA 98199,USA
21/06/14 0:00,750000,3,1.75,2610,5544,1.5,0,0,3,1680,930,1934,1978,7523 Mary Ave NW,Seattle,WA 98117,USA
21/06/14 0:00,930000,3,2.5,3290,6830,2,0,0,3,3290,0,2000,0,14845 NE 73rd Way,Redmond,WA 98052,USA
22/06/14 0:00,565000,2,1.75,1330,6000,1,0,0,4,960,370,1914,1945,3009 W Emerson St,Seattle,WA 98199,USA
22/06/14 0:00,874150,4,3.5,3530,14406,2,0,1,3,2570,960,1987,2000,7321 NE 120th St,Kirkland,WA 98034,USA
22/06/14 0:00,545000,4,2.5,2090,6023,2,0,0,3,2090,0,1990,2009,25733 SE 39th St,Issaquah,WA 98029,USA
22/06/14 0:00,500000,4,2.5,2040,8400,1,0,0,3,1420,620,1963,2008,5803 129th Ave SE,Bellevue,WA 98006,USA
22/06/14 0:00,687000,4,2.5,2370,10083,2,0,0,5,2370,0,1966,0,13010 NE 74th St,Kirkland,WA 98033,USA
22/06/14 0:00,810000,4,2.5,2810,10613,2,0,0,3,2810,0,1989,0,15031 SE 66th St,Bellevue,WA 98006,USA
22/06/14 0:00,439500,3,2.5,2050,40003,1,0,0,4,1570,480,1977,0,14710 255th Ave SE,Issaquah,WA 98027,USA
22/06/14 0:00,802000,3,1.75,2870,5000,1.5,0,0,4,1840,1030,1907,0,2727 32nd Ave S,Seattle,WA 98144,USA
22/06/14 0:00,732600,4,2.5,2130,7300,1,0,0,4,1230,900,1963,0,507 130th Pl SE,Bellevue,WA 98005,USA
22/06/14 0:00,374000,4,2.5,2580,6260,2,0,0,3,2580,0,2004,2003,243 Edmonds Pl NE,Renton,WA 98056,USA
22/06/14 0:00,330000,4,2.5,2380,13550,2,0,0,3,2380,0,1999,0,3430 S 173rd St,SeaTac,WA 98188,USA
23/06/14 0:00,365000,4,2,1940,25600,1,0,0,1,1940,0,1962,0,4125 158th Ave SE,Bellevue,WA 98006,USA
23/06/14 0:00,290900,2,2,1610,17600,2,0,0,3,1610,0,1930,1983,13301 56th Ave S,Tukwila,WA 98178,USA
23/06/14 0:00,577000,3,2.5,2060,5750,1,0,0,3,1330,730,1976,0,4045 46th Ave SW,Seattle,WA 98116,USA
23/06/14 0:00,280000,2,1,1010,3000,1,0,0,4,1010,0,1925,1968,107 E 3rd St,North Bend,WA 98045,USA
23/06/14 0:00,675000,4,2.5,2810,11120,2,0,0,3,2810,0,1982,0,22120 NE 26th Pl,Sammamish,WA 98074,USA
23/06/14 0:00,800000,3,2.25,2380,11824,1,0,0,4,1450,930,1972,0,7234 91st Ave SE,Mercer Island,WA 98040,USA
23/06/14 0:00,299995,2,1,1060,7200,1,0,0,4,1060,0,1951,1999,1212 NE 162nd St,Shoreline,WA 98155,USA
23/06/14 0:00,440000,3,1.75,1560,7207,1,0,0,3,1250,310,1983,2009,8919 NE 142nd Way,Kirkland,WA 98034,USA
23/06/14 0:00,249500,2,1.75,1500,8645,1,0,0,4,1500,0,1963,0,26449 171st Ave SE,Covington,WA 98042,USA
23/06/14 0:00,690000,2,1,970,4560,1,0,0,4,970,0,1907,0,4017 Corliss Ave N,Seattle,WA 98103,USA
23/06/14 0:00,235000,3,1,1170,11100,1,0,0,4,1170,0,1968,0,766 Union Ave NE,Renton,WA 98059,USA
23/06/14 0:00,320000,3,2.5,2280,7417,2,0,0,3,2280,0,1998,2006,27515 44th Pl S,Auburn,WA 98001,USA
23/06/14 0:00,350000,7,3,2800,9569,1,0,2,3,1400,1400,1963,2008,2023 Harrington Pl NE,Renton,WA 98056,USA
23/06/14 0:00,334000,4,1.5,1150,9360,1.5,0,0,3,1150,0,1970,2014,13260 126 Ct NE,Kirkland,WA 98034,USA
23/06/14 0:00,235000,6,3,2180,7956,2,0,0,3,2180,0,1980,0,33015 22nd Pl S,Federal Way,WA 98003,USA
23/06/14 0:00,442000,4,2.5,2520,7253,2,0,0,3,2520,0,1990,2009,4508 NE 26th Ct,Renton,WA 98059,USA
23/06/14 0:00,264000,3,1.75,1760,7482,1,0,0,4,1760,0,1966,0,2712 SW 322nd Pl,Federal Way,WA 98023,USA
23/06/14 0:00,275000,2,1,1180,6552,1,0,0,4,1180,0,1949,1985,16341 Interlake Ave N,Shoreline,WA 98133,USA
23/06/14 0:00,430000,2,1.5,950,4625,1,0,0,4,950,0,1949,1985,8520 Interlake Ave N,Seattle,WA 98103,USA
23/06/14 0:00,550000,3,2.5,1900,3255,2,0,0,3,1900,0,1988,2000,268 145th Pl SE,Bellevue,WA 98007,USA
23/06/14 0:00,775000,4,2.5,2300,6158,2,0,0,3,2300,0,1999,0,9009 27th Ave NE,Seattle,WA 98115,USA
23/06/14 0:00,603500,6,2.75,2660,8400,1,0,0,5,1550,1110,1962,0,12526 SE 61st St,Bellevue,WA 98006,USA
23/06/14 0:00,230000,3,1,1530,389126,1.5,0,0,4,1530,0,1919,1985,24727 SE Mud Mountain Rd,Enumclaw,WA 98022,USA
23/06/14 0:00,449000,4,2.5,1850,5040,1,0,0,3,1230,620,1930,2013,7117 31st Ave SW,Seattle,WA 98126,USA
23/06/14 0:00,2075000,4,3.5,4230,20377,2,0,0,3,4230,0,1997,0,1646 100th Pl SE,Bellevue,WA 98004,USA
23/06/14 0:00,420000,3,2,1200,5029,1,0,0,3,880,320,1937,1999,3049 NE 90th St,Seattle,WA 98115,USA
23/06/14 0:00,735000,4,2.25,2270,5102,1,0,0,5,1340,930,1954,0,3613 40th Ave W,Seattle,WA 98199,USA
23/06/14 0:00,200000,3,1.5,1090,9600,1,0,0,4,1090,0,1968,0,17335 SE 265th St,Covington,WA 98042,USA
23/06/14 0:00,286000,3,2.75,1100,750,2,0,0,3,780,320,2008,0,4733 Delridge Way SW,Seattle,WA 98106,USA
23/06/14 0:00,579000,3,2.5,1640,1269,3,0,0,3,1640,0,2009,0,129 25th Ave E,Seattle,WA 98112,USA
23/06/14 0:00,345100,3,3.75,1950,8625,1,0,0,3,1360,590,1959,1989,10636 60th Ave S,Seattle,WA 98178,USA
23/06/14 0:00,350000,3,1.75,1660,10150,1.5,0,0,3,1660,0,1957,2000,1301 N 169th St,Shoreline,WA 98133,USA
23/06/14 0:00,291500,3,1,880,9238,1.5,0,0,5,880,0,1946,0,16529 10th Ave NE,Shoreline,WA 98155,USA
23/06/14 0:00,649950,3,2.5,1500,1375,2,0,0,3,1200,300,2014,0,2811 14th Ave W,Seattle,WA 98119,USA
23/06/14 0:00,458500,3,2,1890,1599,2,0,0,3,1430,460,2012,1912,6539 41st Ave SW,Seattle,WA 98136,USA
23/06/14 0:00,500000,3,1,1150,5100,2,0,0,3,1150,0,1911,2005,3947 SW Austin St,Seattle,WA 98136,USA
23/06/14 0:00,362300,3,2.5,2430,15264,2,0,0,3,2430,0,1997,0,9226 S 247th Pl,Kent,WA 98030,USA
23/06/14 0:00,324000,4,1.75,2110,7208,1,0,0,3,1170,940,1975,0,17403 159th Ave SE,Renton,WA 98058,USA
23/06/14 0:00,495000,3,2,2950,12196,2,0,0,4,2310,640,1918,1974,2433 SW 149th St,Burien,WA 98166,USA
23/06/14 0:00,233500,3,2.25,1650,2958,2,0,0,3,1650,0,1985,0,23441 130th Ave SE,Kent,WA 98031,USA
23/06/14 0:00,479000,3,2.25,2110,11319,2,0,0,4,2110,0,1978,2000,15965 176th Ave NE,Woodinville,WA 98072,USA
23/06/14 0:00,322200,4,2.25,2010,19000,2,0,0,4,2010,0,1975,0,25417 167th Pl SE,Covington,WA 98042,USA
23/06/14 0:00,835000,4,2.5,3030,29163,2,0,0,3,3030,0,1998,2006,5420 239th Pl NE,Redmond,WA 98053,USA
23/06/14 0:00,347000,3,1,1270,8400,1,0,0,3,1270,0,1955,2005,10624 Sunrise Dr,Bothell,WA 98011,USA
23/06/14 0:00,725000,3,1.75,1610,8613,1,0,0,5,1610,0,1962,0,10905 NE 48th St,Kirkland,WA 98033,USA
23/06/14 0:00,345000,3,1,1140,4200,2,0,0,4,1140,0,1904,0,115 28th Ave S,Seattle,WA 98144,USA
23/06/14 0:00,345950,3,2.5,2110,4118,2,0,0,3,2110,0,1989,0,14150-14198 SE 238th Ln,Kent,WA 98042,USA
23/06/14 0:00,550000,3,1.75,1840,8086,1,0,0,4,1840,0,1964,0,13820 NE 72nd Pl,Redmond,WA 98052,USA
23/06/14 0:00,399950,3,1.75,1560,5223,1,0,0,4,810,750,1940,2001,3630 NE 123rd St,Seattle,WA 98125,USA
23/06/14 0:00,269500,3,1.75,1840,7412,1,0,0,4,1240,600,1976,1992,23309 115th Pl SE,Kent,WA 98031,USA
23/06/14 0:00,494000,4,2.5,1830,7345,1,0,0,4,1540,290,1973,0,1220 NW 199th Pl,Shoreline,WA 98177,USA
23/06/14 0:00,453000,4,1.75,2120,7420,1,0,0,4,1060,1060,1956,0,15619 SE 9th St,Bellevue,WA 98008,USA
23/06/14 0:00,442500,3,1.75,1600,10280,1,0,0,3,1050,550,1977,2004,13832 125th Ave NE,Kirkland,WA 98034,USA
23/06/14 0:00,235000,4,1.75,1450,8891,1.5,0,0,3,1180,270,1962,2003,4414 S 140th St,Tukwila,WA 98168,USA
23/06/14 0:00,389800,3,1.75,1880,12821,1,0,0,3,1880,0,1959,1989,2310 NE 191st St,Lake Forest Park,WA 98155,USA
23/06/14 0:00,346000,3,1.75,1270,8100,1,0,0,3,880,390,1950,2005,651 SW 134th St,Burien,WA 98146,USA
23/06/14 0:00,360000,4,1.5,1720,6417,1,0,0,3,1720,0,1953,0,13505 16th Ave NE,Seattle,WA 98125,USA
23/06/14 0:00,650000,4,2.5,2400,7351,2,0,0,3,2400,0,1990,2009,23836 SE 41st St,Issaquah,WA 98029,USA
23/06/14 0:00,290000,3,1,1150,8145,1,0,0,4,990,160,1932,1958,16232 11th Ave NE,Shoreline,WA 98155,USA
23/06/14 0:00,234000,2,1,870,11100,1,0,0,3,870,0,1940,1996,11062 25th Ave SW,Seattle,WA 98146,USA
23/06/14 0:00,260000,4,2.5,2000,37045,2,0,0,3,2000,0,1989,0,29204 202nd Ave SE,Kent,WA 98042,USA
23/06/14 0:00,349900,3,2,2420,38781,1,0,0,5,1210,1210,1949,0,16729 Tiger Mountain Rd SE,Issaquah,WA 98027,USA
23/06/14 0:00,275000,3,1,1080,6000,1,0,0,4,1080,0,1952,0,2350 N 178th St,Shoreline,WA 98133,USA
23/06/14 0:00,725000,4,2.5,3420,30410,2,0,0,3,3420,0,1988,2000,18639 NE 202nd St,Woodinville,WA 98077,USA
23/06/14 0:00,375000,4,2.5,1870,7471,2,0,0,3,1870,0,1990,2009,10309 SE 190th Pl,Renton,WA 98055,USA
23/06/14 0:00,806000,4,2.5,2500,206474,1,0,0,3,2500,0,1997,0,8510 258th Ave NE,Redmond,WA 98053,USA
23/06/14 0:00,470000,3,2.5,2150,8221,2,0,0,3,2150,0,1992,0,1815 Ilwaco Ave NE,Renton,WA 98059,USA
23/06/14 0:00,490000,3,2.25,1470,2500,2,0,0,3,1080,390,1984,0,6506 3rd Ave NW,Seattle,WA 98117,USA
23/06/14 0:00,615000,5,2,2130,4180,1.5,0,0,5,1270,860,1926,0,3220 44th Ave SW,Seattle,WA 98116,USA
23/06/14 0:00,249000,3,1,1000,19204,1,0,0,3,1000,0,1968,2010,31825 197th Ave SE,Kent,WA 98042,USA
23/06/14 0:00,396500,3,1.75,2390,7149,1,0,0,3,1350,1040,1955,2005,13040 3rd Ave NE,Seattle,WA 98125,USA
23/06/14 0:00,405000,2,1,860,2599,1,0,0,4,860,0,1901,0,6301-6399 17th Ave NW,Seattle,WA 98107,USA
23/06/14 0:00,560000,3,2.5,1960,12476,2,0,0,4,1960,0,1989,0,12637 SE 79th Ct,Newcastle,WA 98056,USA
23/06/14 0:00,459950,4,2.5,2000,6107,2,0,0,3,2000,0,2003,0,8928 NE 176th St,Bothell,WA 98011,USA
23/06/14 0:00,265000,3,1,1620,9450,1.5,0,0,3,1620,0,1928,1954,10005 16th Ave S,Seattle,WA 98168,USA
23/06/14 0:00,502000,6,2.5,2890,8122,1,0,0,3,1630,1260,1977,2004,2413 171 Ave SE,Bellevue,WA 98008,USA
23/06/14 0:00,430000,3,1.75,1300,12731,1,0,0,3,1300,0,1981,2013,1429 224th Ave NE,Sammamish,WA 98074,USA
23/06/14 0:00,525000,2,1,1080,3500,1,0,3,3,1080,0,1924,2011,5130 Palatine Ave N,Seattle,WA 98103,USA
23/06/14 0:00,415000,4,2.5,2170,8518,1,0,3,3,1350,820,1955,2005,10842 Garden Pl S,Seattle,WA 98178,USA
23/06/14 0:00,600000,3,2.5,2260,10153,2,0,0,3,2260,0,1987,2000,20322 NE 34th Ct,Sammamish,WA 98074,USA
23/06/14 0:00,225000,3,1.75,1580,8820,1,0,0,4,1580,0,1967,0,31711 7th Pl S,Federal Way,WA 98003,USA
23/06/14 0:00,300000,4,2.5,2620,4469,2,0,0,3,2620,0,2008,0,17001 SE 263rd St,Covington,WA 98042,USA
23/06/14 0:00,491234,4,2.5,1540,1860,2,0,0,3,1540,0,2014,0,2520 Mulberry Walk NE,Issaquah,WA 98029,USA
23/06/14 0:00,1580000,4,2.5,4570,74487,2,0,4,5,4570,0,1948,1985,1249 NW Elford Dr,Seattle,WA 98177,USA
23/06/14 0:00,905000,4,3.25,3440,7661,2,0,0,3,3440,0,2006,0,1630 28th Ave NE,Issaquah,WA 98029,USA
23/06/14 0:00,199950,5,2.5,1740,8750,1,0,0,4,1740,0,1959,0,23459 27th Ave S,Des Moines,WA 98198,USA
23/06/14 0:00,450000,4,1.75,2160,4333,1,0,0,4,1260,900,1942,1982,8309 24th Ave NW,Seattle,WA 98117,USA
23/06/14 0:00,899000,3,1,1480,6978,2,0,0,4,1480,0,1949,1985,4432 92nd Ave NE,Yarrow Point,WA 98004,USA
23/06/14 0:00,649000,2,1.75,2260,280962,2,0,2,3,1890,370,2005,0,29836 NE Tolt Hill Rd,Carnation,WA 98014,USA
23/06/14 0:00,780000,4,3.5,3910,59863,2,0,0,4,2490,1420,1987,0,13045 205th Pl SE,Issaquah,WA 98027,USA
23/06/14 0:00,400000,4,1.75,1700,20283,1.5,0,0,3,1340,360,1965,1993,19744 324th Ave NE,Duvall,WA 98019,USA
23/06/14 0:00,831500,5,2.5,4470,35124,2.5,0,0,3,4470,0,1984,0,15002 191st Ave NE,Woodinville,WA 98072,USA
23/06/14 0:00,471001,3,1.75,1800,6000,1,0,0,5,900,900,1905,0,719 N 80th St,Seattle,WA 98103,USA
23/06/14 0:00,385000,3,3.25,1630,1677,3,0,0,3,1630,0,2007,0,353 N 105th St,Seattle,WA 98133,USA
23/06/14 0:00,326000,3,1,1030,9834,1,0,0,3,1030,0,1969,2010,13110 NE 193rd Pl,Woodinville,WA 98072,USA
23/06/14 0:00,335000,1,1,720,5100,1,0,0,3,720,0,1907,1983,7325 18th Ave NW,Seattle,WA 98117,USA
23/06/14 0:00,320000,4,1.5,1890,43560,1,0,0,4,1890,0,1974,0,30841-30959 132nd Ave SE,Auburn,WA 98092,USA
23/06/14 0:00,300000,4,2.5,1840,5550,2,0,0,3,1840,0,2004,2003,11831 SE 232nd Pl,Kent,WA 98031,USA
23/06/14 0:00,269950,4,2.5,2540,8400,2,0,0,5,2540,0,1977,0,25209 45th Ave S,Kent,WA 98032,USA
23/06/14 0:00,1220000,4,3.75,3520,3944,1.5,0,0,5,2200,1320,1913,0,2551 5th Ave N,Seattle,WA 98109,USA
23/06/14 0:00,590000,4,2.5,3220,7875,1.5,0,0,4,3220,0,1966,0,16429 NE 18th St,Bellevue,WA 98008,USA
23/06/14 0:00,750000,3,2,1820,5000,1.5,0,0,4,1720,100,1941,1998,2160 50th Ave SW,Seattle,WA 98116,USA
23/06/14 0:00,239950,3,1.75,1230,9600,1,0,0,4,1230,0,1984,0,26119 185th Pl SE,Covington,WA 98042,USA
23/06/14 0:00,215000,3,2,1340,8505,1,0,0,3,1340,0,1931,0,2730 S 146th St,SeaTac,WA 98168,USA
23/06/14 0:00,165000,3,1,1200,13100,1,0,0,3,1200,0,1943,2002,14301 Interurban Ave S,Tukwila,WA 98168,USA
23/06/14 0:00,261350,3,1.75,1390,18200,1,0,0,4,1390,0,1962,0,157 SW 313th St,Federal Way,WA 98023,USA
23/06/14 0:00,569000,4,2,1730,3884,1,0,0,5,1060,670,1924,1956,720 N 46th St,Seattle,WA 98103,USA
23/06/14 0:00,425000,3,2.25,1580,39189,1,0,0,3,1180,400,1992,0,27514 NE 31st Ct,Redmond,WA 98053,USA
23/06/14 0:00,800000,4,3,3520,4895,1,0,0,3,1980,1540,1954,2005,301 NW 54th St,Seattle,WA 98107,USA
23/06/14 0:00,715000,4,2.5,2650,30500,1,0,0,4,1680,970,1960,2001,23264 SE 54th Pl,Issaquah,WA 98029,USA
23/06/14 0:00,337000,3,1.75,1310,12750,1,0,0,3,1310,0,1993,0,14830 203rd Ave SE,Renton,WA 98059,USA
23/06/14 0:00,560000,4,2.5,2300,7989,2,0,0,3,2300,0,1990,2009,22912 NE 19th Dr,Sammamish,WA 98074,USA
23/06/14 0:00,449500,3,2.25,1780,7280,1,0,2,3,1340,440,1972,2002,9413 NE 137th St,Kirkland,WA 98034,USA
23/06/14 0:00,660000,3,3.25,1980,2850,3,0,0,3,1980,0,1987,2000,4318 Corliss Ave N,Seattle,WA 98103,USA
23/06/14 0:00,685000,2,1.5,1300,1676,1,0,2,3,1300,0,1943,2002,1407 19th Ave,Seattle,WA 98122,USA
23/06/14 0:00,905000,5,3.5,3500,10155,2,0,0,3,2570,930,1996,0,15563 SE 67th Pl,Bellevue,WA 98006,USA
23/06/14 0:00,403500,3,1,1830,8004,1,0,0,3,1200,630,1960,2012,13337 30th Ave NE,Seattle,WA 98125,USA
23/06/14 0:00,405000,3,2.25,1520,1245,3,0,0,3,1520,0,2004,2003,8502 Interlake Ave N,Seattle,WA 98103,USA
23/06/14 0:00,385000,4,2.75,2700,37011,2,0,0,3,2700,0,1984,0,18901 SE 281st St,Kent,WA 98042,USA
23/06/14 0:00,1700000,3,2.75,2810,18731,2,1,4,4,2810,0,1974,0,2860 West Lake Sammamish Pkwy NE,Redmond,WA 98052,USA
23/06/14 0:00,285000,3,2.5,1660,6263,2,0,0,3,1660,0,2003,0,27924-27998 150th Pl SE,Kent,WA 98042,USA
23/06/14 0:00,249900,3,2,1310,6738,1,0,0,4,1310,0,1990,0,19240 SE 259th Pl,Covington,WA 98042,USA
23/06/14 0:00,633634,4,3.5,2960,6000,2,0,0,3,2960,0,2014,0,34115 SE Ash St,Snoqualmie,WA 98065,USA
23/06/14 0:00,329900,3,2.5,2242,4995,2,0,0,3,2242,0,2011,0,Evergreen Way SE,Auburn,WA 98092,USA
23/06/14 0:00,310000,3,2.5,2540,4775,2,0,0,3,2540,0,2006,0,21720 SE 299th Way,Kent,WA 98042,USA
23/06/14 0:00,345000,3,1.5,1420,1192,2,0,0,3,1140,280,2008,0,1707 22nd Ave S,Seattle,WA 98144,USA
23/06/14 0:00,160797,3,1.5,1270,2356,2,0,0,3,1270,0,2012,1912,4018 S Lilac St,Seattle,WA 98108,USA
23/06/14 0:00,562500,3,2.25,1300,907,2,0,0,3,1000,300,2006,0,2008 Yale Ave E,Seattle,WA 98102,USA
23/06/14 0:00,664950,5,3,3190,7081,1,0,2,3,1890,1300,2013,1923,7528 S Laurel St,Seattle,WA 98178,USA
23/06/14 0:00,515000,5,3.25,2910,5027,2,0,0,3,2040,870,2013,1923,1920C SW Brandon St,Seattle,WA 98106,USA
23/06/14 0:00,497000,3,2.25,1630,3817,2,0,0,3,1630,0,2005,0,1981 24th Ave NE,Issaquah,WA 98029,USA
23/06/14 0:00,312891,5,3,2300,8214,2,0,0,3,2300,0,2013,1923,33027 47th Pl S,Federal Way,WA 98001,USA
23/06/14 0:00,670000,3,2.5,3310,5300,2,0,2,3,2440,870,2008,0,9400 44th Ave SW,Seattle,WA 98136,USA
23/06/14 0:00,362500,2,1.5,940,1768,2,0,0,3,940,0,2009,0,1124 29th Ave S,Seattle,WA 98144,USA
23/06/14 0:00,402101,2,0.75,1020,1350,2,0,0,3,1020,0,2009,0,902 26th Ave S,Seattle,WA 98144,USA
24/06/14 0:00,438000,3,1.75,1520,6380,1,0,0,3,790,730,1948,1994,2302 NE 91st St,Seattle,WA 98115,USA
24/06/14 0:00,687500,4,1.75,2330,5000,1.5,0,0,4,1510,820,1929,0,7326 9th Ave NW,Seattle,WA 98117,USA
24/06/14 0:00,160000,3,1.5,1010,9600,1,0,0,4,1010,0,1962,0,21416 13th Ave S,Des Moines,WA 98198,USA
24/06/14 0:00,415000,3,1.75,1070,8000,1,0,0,3,1070,0,1977,2004,10908 156th Ct NE,Redmond,WA 98052,USA
24/06/14 0:00,405000,3,2.5,3170,12750,2,0,0,3,2360,810,1995,0,29414 2nd Ave SW,Federal Way,WA 98023,USA
24/06/14 0:00,880000,4,2.5,3030,3841,3,0,0,3,3030,0,2005,0,6709 9th Ave NW,Seattle,WA 98117,USA
24/06/14 0:00,585000,3,2.5,2270,100545,2,0,0,3,2270,0,1998,2006,10613 SW 138th St,Vashon,WA 98070,USA
24/06/14 0:00,640000,4,2.5,2341,9594,2,0,0,3,2341,0,1997,0,11001-11025 169th Pl NE,Redmond,WA 98052,USA
24/06/14 0:00,819000,3,3.5,2130,6150,2,0,2,5,1530,600,1908,0,3215 37th Ave W,Seattle,WA 98199,USA
24/06/14 0:00,520000,3,1.75,2300,35722,1,0,0,3,2300,0,1984,0,16203 170th Ave NE,Woodinville,WA 98072,USA
24/06/14 0:00,367500,3,1,1660,11783,1,0,0,4,1160,500,1978,2000,17619 197th Ave NE,Woodinville,WA 98077,USA
24/06/14 0:00,762500,4,2.75,2610,8760,1,0,0,4,1760,850,1978,2000,8208 SE 26th St,Mercer Island,WA 98040,USA
24/06/14 0:00,300000,3,1,2150,7007,1,0,0,3,2150,0,1954,2005,315 NW 183rd St,Shoreline,WA 98177,USA
24/06/14 0:00,625000,3,2.5,2410,64073,1,0,0,4,1820,590,1976,1992,14828 NE 163rd St,Woodinville,WA 98072,USA
24/06/14 0:00,530000,2,1.5,1580,3680,1,0,2,3,1280,300,1941,1994,3036-3040 36th Ave SW,Seattle,WA 98126,USA
24/06/14 0:00,379000,3,2.5,1740,30886,2,0,0,3,1740,0,1992,0,47518 SE 153rd St,North Bend,WA 98045,USA
24/06/14 0:00,615000,2,1,1270,5000,1,0,0,3,1090,180,1949,1998,7407-7411 28th Ave NW,Seattle,WA 98117,USA
24/06/14 0:00,660000,2,2.25,2550,6000,2,0,0,5,1860,690,1902,0,6054 5th Ave NE,Seattle,WA 98115,USA
24/06/14 0:00,380000,3,2.25,1860,15559,2,0,0,4,1860,0,1963,0,52435 SE 496th Pl,Enumclaw,WA 98022,USA
24/06/14 0:00,314900,4,1.75,2700,27072,1,0,0,3,1380,1320,1958,2004,34901-35199 Weyerhaeuser Way S,Federal Way,WA 98003,USA
24/06/14 0:00,324950,3,1.5,1460,8710,1,0,0,3,1460,0,1955,2005,1636 SW 164th St,Burien,WA 98166,USA
24/06/14 0:00,225000,3,1.75,1330,13102,1,0,0,3,1330,0,1968,1997,903 S 317th St,Federal Way,WA 98003,USA
24/06/14 0:00,535000,3,2.5,2070,4132,2,0,0,3,2070,0,1999,0,463 243rd Pl SE,Sammamish,WA 98074,USA
24/06/14 0:00,348500,3,1.5,1360,10726,1,0,0,4,1360,0,1966,0,12019 156th Ave SE,Renton,WA 98059,USA
24/06/14 0:00,725000,4,2.5,2650,18295,2,0,0,3,2650,0,1986,0,211 140th Ave SE,Bellevue,WA 98005,USA
24/06/14 0:00,925000,4,3,3580,35261,1.5,0,0,3,3580,0,1985,0,17720 154th Ct NE,Woodinville,WA 98072,USA
24/06/14 0:00,549000,2,1,2034,13392,1,1,4,5,1159,875,1947,0,13013 SW Bachelor Rd,Vashon,WA 98070,USA
24/06/14 0:00,400000,3,2,1230,11413,1,0,0,3,990,240,1984,0,22834 NE 25th Way,Sammamish,WA 98074,USA
24/06/14 0:00,620000,4,2.5,2450,55387,2,0,0,3,2450,0,1994,0,2540 265th Ave NE,Redmond,WA 98053,USA
24/06/14 0:00,665000,6,2.75,2840,8346,1,0,0,5,1420,1420,1961,0,5407 S Lucile St,Seattle,WA 98118,USA
24/06/14 0:00,1215000,4,3.75,3820,53574,1,0,0,3,3820,0,1994,0,14511 164th Ave NE,Woodinville,WA 98072,USA
24/06/14 0:00,1157400,3,2.5,2740,5925,2,0,2,3,2740,0,1913,1992,1226 22nd Ave E,Seattle,WA 98112,USA
24/06/14 0:00,349950,4,2.5,2090,5289,2,0,0,3,2090,0,1989,0,19335 133rd Pl SE,Renton,WA 98058,USA
24/06/14 0:00,2466350,5,4.75,6390,13180,2,0,0,3,4560,1830,1940,1996,1239 Parkside Dr E,Seattle,WA 98112,USA
24/06/14 0:00,339000,4,2,2470,5080,1.5,0,0,3,1970,500,1948,1988,7936 10th Ave SW,Seattle,WA 98106,USA
24/06/14 0:00,615000,3,1.75,1720,4080,1,0,0,4,960,760,1924,0,3219 37th Pl S,Seattle,WA 98144,USA
24/06/14 0:00,751000,4,3.25,3090,9571,2,0,0,3,2370,720,2004,2003,11719 157th Ave NE,Redmond,WA 98052,USA
24/06/14 0:00,941000,4,1.75,2320,3825,1.5,0,0,5,1820,500,1926,0,128 NE 51st St,Seattle,WA 98105,USA
24/06/14 0:00,600000,4,1.75,1740,7700,1,0,0,5,1740,0,1968,0,1800 172nd Ave NE,Bellevue,WA 98008,USA
24/06/14 0:00,455000,4,2.5,2950,4502,2,0,0,3,2950,0,2005,0,5100 NE 10th Pl,Renton,WA 98059,USA
24/06/14 0:00,1295648,0,0,4810,28008,2,0,0,3,4810,0,1990,2009,20418 NE 64th Pl,Redmond,WA 98053,USA
24/06/14 0:00,485000,3,2.5,1500,5412,1,0,0,5,900,600,1920,0,5909 48th Ave SW,Seattle,WA 98136,USA
24/06/14 0:00,358000,3,1.5,1810,100188,1,0,0,5,1810,0,1969,0,42809 260th Ave SE,Enumclaw,WA 98022,USA
24/06/14 0:00,339000,3,1,1100,4128,1,0,0,4,720,380,1942,1982,8202 37th Ave SW,Seattle,WA 98126,USA
24/06/14 0:00,258000,3,1,1490,7435,1,0,0,3,1120,370,1969,2010,26000-26198 Woodmont Dr S,Des Moines,WA 98198,USA
24/06/14 0:00,455000,2,1.5,1200,1259,2,0,0,3,1000,200,2013,1923,301 27th Ave S,Seattle,WA 98144,USA
24/06/14 0:00,437000,4,2.5,1890,8505,1,0,0,3,1290,600,1980,0,8619 169th Ct NE,Redmond,WA 98052,USA
24/06/14 0:00,689000,3,1.75,2200,9840,1,0,0,5,1500,700,1978,0,15222 SE 48th Dr,Bellevue,WA 98006,USA
24/06/14 0:00,319000,4,2.5,2510,7992,1,0,0,3,1610,900,1978,0,3709 S 256th Ct,Kent,WA 98032,USA
24/06/14 0:00,510000,3,2.25,1420,1309,3,0,0,3,1420,0,2006,0,3821-3825 Whitman Ave N,Seattle,WA 98103,USA
24/06/14 0:00,440000,3,1.75,2000,9900,1,0,2,4,1480,520,1957,2001,17705 3rd Pl SW,Normandy Park,WA 98166,USA
24/06/14 0:00,1010000,2,2,1460,9052,1,0,2,5,1460,0,1900,0,1302 1st St,Kirkland,WA 98033,USA
24/06/14 0:00,875000,4,2.5,3220,22588,2,0,0,3,3220,0,1996,0,14305 214th Way NE,Woodinville,WA 98077,USA
24/06/14 0:00,304000,4,2,1310,8454,1,0,0,4,1310,0,1953,1983,17547 11th Ave NE,Shoreline,WA 98155,USA
24/06/14 0:00,139000,2,1,690,5280,1,0,0,4,690,0,1942,1982,755 Dayton Ave NE,Renton,WA 98056,USA
24/06/14 0:00,464500,3,1.75,1150,10466,1,0,0,5,1150,0,1959,0,12227 SE 55th Pl,Bellevue,WA 98006,USA
24/06/14 0:00,336500,3,1,1480,7284,1,0,0,3,970,510,1963,2008,608 N 202nd St,Shoreline,WA 98133,USA
24/06/14 0:00,230000,4,1.75,1850,6000,1,0,0,4,1270,580,1944,0,6909 S 124th St,Seattle,WA 98178,USA
24/06/14 0:00,425000,3,2.5,1930,4500,2,0,0,3,1930,0,1990,2009,25238 SE 35th St,Issaquah,WA 98029,USA
24/06/14 0:00,300000,2,1,750,5120,1,0,0,4,750,0,1941,1998,7920 34th Ave SW,Seattle,WA 98126,USA
24/06/14 0:00,457500,3,2.25,1430,2003,2,0,0,3,980,450,1996,0,1362 31st Ave S,Seattle,WA 98144,USA
24/06/14 0:00,366000,3,1.75,1840,11440,1,0,0,4,1340,500,1977,0,14923 SE 143rd Pl,Renton,WA 98059,USA
24/06/14 0:00,502000,3,2,1300,14350,1,0,0,3,1300,0,1955,2013,4029 142nd Ave SE,Bellevue,WA 98006,USA
24/06/14 0:00,194000,3,1,1050,7577,1,0,0,3,1050,0,1983,2009,34810 18th Ave SW,Federal Way,WA 98023,USA
24/06/14 0:00,305000,4,2.25,2210,9371,2,0,0,4,2210,0,1968,0,4129 Hampton Way,Kent,WA 98032,USA
24/06/14 0:00,1250000,4,2.5,3220,15600,1,0,0,5,1680,1540,1973,0,13 Cascade Key,Bellevue,WA 98006,USA
24/06/14 0:00,575000,4,2.5,4620,20793,2,0,0,4,4620,0,1991,0,480 SW 345th St,Federal Way,WA 98023,USA
24/06/14 0:00,343500,4,1.75,1760,6204,1,0,2,4,1180,580,1950,1983,11008 Auburn Ave S,Seattle,WA 98178,USA
24/06/14 0:00,325000,3,1,850,6906,1,0,0,3,850,0,1948,1994,15812 14th Avenue Northeast,Shoreline,WA 98155,USA
24/06/14 0:00,600000,4,3.25,4690,14930,2,0,2,3,3680,1010,1995,0,19560 44th Ave NE,Lake Forest Park,WA 98155,USA
24/06/14 0:00,850000,4,3.5,3920,37122,2,0,0,3,3920,0,1996,0,2515 263rd Ct NE,Redmond,WA 98053,USA
24/06/14 0:00,420000,3,2.5,2140,3821,2,0,0,3,2140,0,2005,0,2971 NE Marquette Way,Issaquah,WA 98029,USA
24/06/14 0:00,257500,2,2,1180,9265,1,0,0,3,1180,0,1940,1996,13321 30th Ave NE,Seattle,WA 98125,USA
24/06/14 0:00,317000,5,2.5,2360,11375,1,0,0,4,1180,1180,1962,0,6277-6399 S 129th St,Seattle,WA 98178,USA
24/06/14 0:00,970000,3,2.25,3060,9950,1.5,0,2,4,1810,1250,1930,0,2721-3279 Lake Washington Blvd S,Seattle,WA 98144,USA
24/06/14 0:00,252000,3,2.25,1670,7881,1,0,0,4,1190,480,1977,0,12046 SE 214th St,Kent,WA 98031,USA
24/06/14 0:00,683500,3,1.5,1820,5756,1.5,0,0,3,1640,180,1946,0,716 W Etruria St,Seattle,WA 98119,USA
24/06/14 0:00,289000,3,2.5,1970,9607,2,0,0,3,1090,880,1988,2000,28426 37th Ave S,Auburn,WA 98001,USA
24/06/14 0:00,355000,2,2.25,930,747,2,0,0,3,630,300,2007,0,2107 13th Ave S,Seattle,WA 98144,USA
24/06/14 0:00,675000,3,3.5,2300,5611,1,0,0,3,2300,0,2004,2003,23339 NE 126th St,Redmond,WA 98053,USA
24/06/14 0:00,396500,3,2.5,2590,18980,1,0,0,4,2590,0,1976,1992,24292 141st Pl SE,Kent,WA 98042,USA
24/06/14 0:00,362500,4,1.75,1450,8450,1,0,0,3,1450,0,1960,2012,417 SE Andrews St,Issaquah,WA 98027,USA
24/06/14 0:00,395000,4,1.75,1540,5120,1,0,0,5,770,770,1943,0,7350 31st Ave SW,Seattle,WA 98126,USA
24/06/14 0:00,599000,5,2.75,2730,22572,1,0,0,3,2080,650,1968,1992,22631 SE 18th Pl,Sammamish,WA 98075,USA
24/06/14 0:00,218000,3,1,880,18205,1,0,0,4,880,0,1945,0,11257 Crestwood Dr S,Seattle,WA 98178,USA
24/06/14 0:00,589950,4,2.5,3190,8195,2,0,0,3,3190,0,2006,0,27463 254th Pl SE,Maple Valley,WA 98038,USA
24/06/14 0:00,218000,3,1.5,1330,7600,1,0,0,4,1330,0,1968,0,2530 SW 325th Pl,Federal Way,WA 98023,USA
24/06/14 0:00,360000,3,1.75,1500,7200,1,0,0,3,1500,0,1957,2000,20015 Burke Ave N,Shoreline,WA 98133,USA
24/06/14 0:00,350000,2,1,740,7680,1,0,0,4,740,0,1922,0,8802 30th Ave SW,Seattle,WA 98126,USA
24/06/14 0:00,350000,4,3,2560,5606,2,0,0,3,2560,0,2004,2003,12251 SE 306th Ct,Auburn,WA 98092,USA
24/06/14 0:00,845000,3,2,2540,4750,1.5,0,0,5,1840,700,1930,0,7524 34th Ave NW,Seattle,WA 98117,USA
24/06/14 0:00,839000,3,2.5,3200,203425,1,0,0,3,3200,0,2000,0,18415 244th Ave NE,Woodinville,WA 98077,USA
24/06/14 0:00,850000,4,3,3330,4000,1,0,0,3,1790,1540,1958,2004,4015 Midvale Ave N,Seattle,WA 98103,USA
24/06/14 0:00,329950,2,1,900,5220,1,0,0,4,900,0,1956,0,10264 California Ave SW,Seattle,WA 98146,USA
24/06/14 0:00,425000,4,1.5,1600,6180,1.5,0,0,3,1600,0,1946,0,3856 38th Ave S,Seattle,WA 98118,USA
24/06/14 0:00,210000,2,1,970,5500,1,0,0,3,970,0,1956,2001,5031 Martin Luther King Jr Way S,Seattle,WA 98118,USA
24/06/14 0:00,631500,2,1,1130,2640,1,0,0,4,1130,0,1927,0,2617 Queen Anne Ave N,Seattle,WA 98109,USA
24/06/14 0:00,295000,2,1,650,5400,1,0,0,3,650,0,1950,2005,1829 29th Ave,Seattle,WA 98122,USA
24/06/14 0:00,575000,3,2.25,2400,5000,1.5,0,0,4,1440,960,1926,1993,8322 28th Ave NW,Seattle,WA 98117,USA
24/06/14 0:00,415000,3,2.5,2280,6031,2,0,0,3,2280,0,2011,0,27927 NE 147th Cir,Duvall,WA 98019,USA
24/06/14 0:00,859000,4,2.25,3550,13900,1,0,0,3,1830,1720,2010,0,15831 SE 43rd Pl,Bellevue,WA 98006,USA
24/06/14 0:00,639888,4,2.5,2050,2772,2,0,0,3,2050,0,2012,1912,1474 14th Pl NE,Issaquah,WA 98029,USA
24/06/14 0:00,329445,2,1.5,830,1119,2,0,0,3,830,0,2005,0,2300 14th Ave S,Seattle,WA 98144,USA
24/06/14 0:00,745641,4,2.5,2440,4850,2,0,0,3,2440,0,2013,1923,11631 170th Ct NE,Redmond,WA 98052,USA
24/06/14 0:00,395000,3,2.5,1600,1936,2,0,0,3,1600,0,2007,0,4517-4529 S Genesee St,Seattle,WA 98108,USA
24/06/14 0:00,790000,4,3.5,3190,31450,2,0,0,3,3190,0,2010,0,11102 Upper Preston Rd SE,Issaquah,WA 98027,USA
25/06/14 0:00,890000,4,1,2550,4000,2,0,0,3,2370,180,1905,2010,1816 2nd Ave N,Seattle,WA 98109,USA
25/06/14 0:00,400000,3,2.5,2180,7508,1,0,0,4,1420,760,1962,0,18032 Burke Ave N,Shoreline,WA 98133,USA
25/06/14 0:00,365500,3,2,1410,9600,1,0,0,4,1410,0,1983,0,18120 145th Pl NE,Woodinville,WA 98072,USA
25/06/14 0:00,245000,3,2,1410,5760,1,0,0,3,1410,0,1985,0,25813 117th Pl SE,Kent,WA 98030,USA
25/06/14 0:00,390000,4,2.5,2340,8548,2,0,0,3,2340,0,1993,0,11824 SE 203rd St,Kent,WA 98031,USA
25/06/14 0:00,196500,3,1,1320,9000,1,0,0,3,1320,0,1966,1963,28430 49th Ave S,Auburn,WA 98001,USA
25/06/14 0:00,1200000,4,1.75,3990,13470,2,0,0,3,3990,0,2006,0,15527 SE 79th Pl,Newcastle,WA 98059,USA
25/06/14 0:00,276900,3,1,1270,7566,1,0,0,4,1270,0,1958,1972,1711 Monroe Ave NE,Renton,WA 98056,USA
25/06/14 0:00,995000,3,4.5,4380,47044,2,1,3,3,3720,660,1968,1990,14423 25th Ave SW,Burien,WA 98166,USA
25/06/14 0:00,2300000,4,3.25,4250,8570,2,0,0,3,4250,0,2004,2003,511 98th Ave NE,Bellevue,WA 98004,USA
25/06/14 0:00,505000,3,2.5,1860,8060,2,0,0,4,1860,0,1987,0,4327 243rd Ave SE,Issaquah,WA 98029,USA
25/06/14 0:00,1229000,4,3.5,3770,37034,2,0,0,3,2830,940,1989,0,14203 NE 40th Pl,Bellevue,WA 98007,USA
25/06/14 0:00,352000,4,1,1530,8890,1,0,0,3,980,550,1925,2002,7940 12th Ave SW,Seattle,WA 98106,USA
25/06/14 0:00,597326,4,4,3570,8250,2,0,0,3,2860,710,2013,1923,8416 SE 36th St,Mercer Island,WA 98040,USA
25/06/14 0:00,800000,2,1,1740,5719,1,0,0,3,1740,0,1955,2005,6116 Kirkwood Pl N,Seattle,WA 98103,USA
25/06/14 0:00,270000,3,2.5,1670,8364,1,0,0,4,1300,370,1990,0,19223 SE 259th Pl,Covington,WA 98042,USA
25/06/14 0:00,235000,4,2,1570,9415,2,0,0,4,1570,0,1984,0,31845-31899 125th Pl SE,Auburn,WA 98092,USA
25/06/14 0:00,409900,2,2.5,1590,1845,2,0,0,3,1590,0,1997,0,12418 NE 100th St,Kirkland,WA 98033,USA
25/06/14 0:00,739900,5,2.5,2980,5377,2,0,0,3,2980,0,2006,0,11931 179th Pl NE,Redmond,WA 98052,USA
25/06/14 0:00,608000,4,2.5,2690,4736,2,0,0,3,2690,0,2001,0,9754 228th Terrace NE,Redmond,WA 98053,USA
25/06/14 0:00,381500,2,1,900,2910,1,0,0,5,900,0,1924,1956,519 NE 79th St,Seattle,WA 98115,USA
25/06/14 0:00,562100,2,0.75,1440,3700,1,0,0,3,1200,240,1914,1996,5641-5645 6th Ave NW,Seattle,WA 98107,USA
25/06/14 0:00,740000,4,2.5,3000,10392,2,0,0,3,3000,0,1995,0,875 Cyprus Ct NW,Issaquah,WA 98027,USA
25/06/14 0:00,308000,3,1,1640,18144,1.5,0,0,3,1640,0,1942,1999,11211 3rd Ave S,Seattle,WA 98168,USA
25/06/14 0:00,905000,5,3.5,3100,10200,1,0,4,3,1660,1440,1970,2014,408 172nd Pl NE,Bellevue,WA 98008,USA
25/06/14 0:00,762000,4,3.5,4000,15253,2,0,0,3,4000,0,2007,0,34006 SE Salal St,Snoqualmie,WA 98065,USA
25/06/14 0:00,356000,4,2,2020,48693,1.5,0,0,3,2020,0,1949,1998,43525 SE 149th St,North Bend,WA 98045,USA
25/06/14 0:00,750000,3,1.5,1840,5000,1.5,0,0,5,1340,500,1915,0,330 NW 50th St,Seattle,WA 98107,USA
25/06/14 0:00,418800,4,2.25,2100,9984,1,0,0,4,1290,810,1973,0,7422-7426 NE 148th Ln,Kenmore,WA 98028,USA
25/06/14 0:00,276000,4,2.25,2460,11250,1,0,0,4,2460,0,1959,0,1101-1199 O St NE,Auburn,WA 98002,USA
25/06/14 0:00,725000,3,2.5,2610,7510,2,0,0,3,2610,0,1996,0,15317 NE 66th Ct,Redmond,WA 98052,USA
25/06/14 0:00,285000,3,2,1460,6377,1,0,0,3,1460,0,1995,0,24108 SE 261st Pl,Maple Valley,WA 98038,USA
25/06/14 0:00,205000,3,1,1050,8498,1,0,0,3,1050,0,1958,2004,22123 103rd Pl SE,Kent,WA 98031,USA
25/06/14 0:00,583000,3,2.5,1790,8144,2,0,0,3,1790,0,1989,0,907 221st Ave NE,Sammamish,WA 98074,USA
25/06/14 0:00,657000,4,2.5,2180,3375,1.5,0,0,4,1420,760,1926,1993,7615 3rd Ave NW,Seattle,WA 98117,USA
25/06/14 0:00,386000,4,2.25,2050,9583,2,0,2,3,1770,280,1965,1993,22500-22614 16th Ave S,Des Moines,WA 98198,USA
25/06/14 0:00,589950,5,3,2790,19439,1,0,3,5,1500,1290,1973,0,18823 SE 216th St,Renton,WA 98058,USA
25/06/14 0:00,575000,3,2.25,1700,3333,1.5,0,0,3,1100,600,1924,2011,6720 4th Ave NW,Seattle,WA 98117,USA
25/06/14 0:00,574000,3,2.5,2380,6832,2,0,0,3,2380,0,2002,0,7075-7131 Thompson Ave SE,Snoqualmie,WA 98065,USA
25/06/14 0:00,690500,5,2,2000,4211,1.5,0,2,4,1280,720,1908,0,2406 E Helen St,Seattle,WA 98112,USA
25/06/14 0:00,565000,2,1.75,1670,4008,1,0,0,3,1670,0,2005,0,2146 NE Nelson Ln,Issaquah,WA 98029,USA
25/06/14 0:00,500000,3,1.5,1190,4750,1,0,0,3,970,220,1940,1996,2226 NW 60th St,Seattle,WA 98107,USA
25/06/14 0:00,330000,6,2.25,3040,28535,1,0,0,3,1890,1150,1951,1994,614 Hazel Ave N,Kent,WA 98030,USA
25/06/14 0:00,286000,2,1,780,3475,1,0,0,4,780,0,1930,0,200 Taylor Ave S,North Bend,WA 98045,USA
25/06/14 0:00,450000,3,1.5,2330,11740,1,0,0,3,1330,1000,1954,2005,16359 35th Ave NE,Lake Forest Park,WA 98155,USA
25/06/14 0:00,870000,4,2.75,2840,4000,1.5,0,0,5,1960,880,1912,0,2019 33rd Ave S,Seattle,WA 98144,USA
25/06/14 0:00,725000,4,2.5,2490,5170,2,0,0,4,2490,0,2000,0,13321 NE 92nd Way,Redmond,WA 98052,USA
25/06/14 0:00,275000,2,1,770,4840,1,0,0,4,770,0,1927,0,5628 35th Ave SW,Seattle,WA 98126,USA
25/06/14 0:00,645000,3,2.75,1850,16960,1,0,2,4,1850,0,1953,1983,633 NW 116th St,Seattle,WA 98177,USA
25/06/14 0:00,152000,3,1,1090,3264,1,0,0,4,1090,0,1969,0,11845 SE 319th Pl,Auburn,WA 98092,USA
25/06/14 0:00,315000,4,2,1780,5336,1.5,0,0,5,930,850,1918,0,10200-10216 56th Ave S,Seattle,WA 98178,USA
25/06/14 0:00,190000,1,0.75,930,29258,1,0,0,3,930,0,1941,1994,7650 S 134th St,Seattle,WA 98178,USA
25/06/14 0:00,700000,4,2.5,2770,5686,2,0,0,3,2770,0,2004,2003,912 274th Way SE,Sammamish,WA 98075,USA
25/06/14 0:00,233000,3,1,1250,6180,1.5,0,0,3,1250,0,1955,2005,322 NE 163rd St,Shoreline,WA 98155,USA
25/06/14 0:00,249000,4,2.25,1830,6136,2,0,0,3,1830,0,1990,2009,26120-26126 120th Pl SE,Kent,WA 98030,USA
25/06/14 0:00,310000,2,1,870,5400,1,0,0,3,870,0,1950,2007,9238 32nd Ave SW,Seattle,WA 98126,USA
25/06/14 0:00,265950,3,1.5,1150,8450,1,0,0,4,1150,0,1951,1999,8540 S 123rd Pl,Seattle,WA 98178,USA
25/06/14 0:00,860000,5,3.25,4500,9648,2,0,4,4,3000,1500,1968,0,4209 NE 135th St,Seattle,WA 98125,USA
25/06/14 0:00,200000,3,1,1150,4800,1.5,0,0,4,1150,0,1938,0,208 N St NE,Auburn,WA 98002,USA
25/06/14 0:00,402000,4,2.25,2000,3672,2,0,0,5,1650,350,1926,0,6530 21st Ave NW,Seattle,WA 98117,USA
25/06/14 0:00,305000,6,2,1900,8240,1,0,0,2,1200,700,1964,0,2825 NE 105th St,Seattle,WA 98125,USA
25/06/14 0:00,505000,3,1.75,1640,10695,1,0,2,3,1640,0,1975,0,12718 89th Pl NE,Kirkland,WA 98034,USA
25/06/14 0:00,1355000,3,1.5,2680,4775,2,0,2,5,1880,800,1913,0,1602 5th Ave N,Seattle,WA 98109,USA
25/06/14 0:00,482000,3,2.5,2420,7307,2,0,0,3,2420,0,1998,2006,7219 Autumn Ave SE,Snoqualmie,WA 98065,USA
25/06/14 0:00,299950,3,1.75,1790,7650,1,0,3,3,1790,0,1978,0,31317 41st Pl SW,Federal Way,WA 98023,USA
25/06/14 0:00,770000,4,2.5,3920,12415,2,0,0,3,3920,0,1997,0,23013 SE 44th St,Sammamish,WA 98075,USA
25/06/14 0:00,245700,3,2.25,1640,8400,1,0,0,3,1180,460,1968,1997,25425 34th Pl S,Kent,WA 98032,USA
25/06/14 0:00,283000,3,1,890,8400,1,0,0,4,890,0,1954,1979,1109 N 28th Pl,Renton,WA 98056,USA
25/06/14 0:00,650000,4,2.75,1910,16532,1,0,0,4,1420,490,1940,2001,9025 26th Ave NW,Seattle,WA 98117,USA
25/06/14 0:00,530000,5,2.25,2140,7910,1,0,0,3,1070,1070,1962,2003,227 152nd Pl SE,Bellevue,WA 98007,USA
25/06/14 0:00,440000,3,1.75,2030,17100,1,0,0,4,2030,0,1953,1983,2434 SW 170th St,Burien,WA 98166,USA
25/06/14 0:00,1005000,4,4.5,4225,284011,2,0,0,4,4225,0,1985,0,23711 NE 4th St,Sammamish,WA 98074,USA
25/06/14 0:00,599990,3,2.25,2680,9162,1,0,0,3,1570,1110,1978,0,4222 186th Pl SE,Issaquah,WA 98027,USA
25/06/14 0:00,544000,4,2.5,2030,3974,2,0,0,3,2030,0,1994,0,4226 250th Pl SE,Issaquah,WA 98029,USA
25/06/14 0:00,1700000,5,3.5,5850,22885,2,0,2,4,4670,1180,1978,2000,9625-9701 SE 5th St,Bellevue,WA 98004,USA
25/06/14 0:00,270000,2,1,2060,8398,1,0,0,3,1260,800,1962,2003,10447 8th Ave S,Seattle,WA 98168,USA
25/06/14 0:00,435000,2,1,1060,3036,1.5,0,0,4,1060,0,1943,0,4202 4th Ave NE,Seattle,WA 98105,USA
25/06/14 0:00,349000,3,1,1010,8184,1,0,0,4,1010,0,1947,1988,15510 9th Ave NE,Shoreline,WA 98155,USA
25/06/14 0:00,1140000,4,2.25,3310,127631,2,0,0,5,3310,0,1924,1956,15445 NE 144th Pl,Woodinville,WA 98072,USA
25/06/14 0:00,320000,4,2.5,2000,10051,2,0,0,3,2000,0,1997,0,23625 SE 267th Ct,Maple Valley,WA 98038,USA
25/06/14 0:00,804100,4,2.5,3070,8086,2,0,0,3,3070,0,2005,0,6908 135th Pl SE,Newcastle,WA 98059,USA
25/06/14 0:00,594000,3,2.25,1270,1406,2,0,0,3,1060,210,2014,0,4757 41st Ave NE,Seattle,WA 98105,USA
25/06/14 0:00,531500,4,2.75,3110,49765,1,0,0,4,3110,0,1958,1972,22426 SE 300th St,Black Diamond,WA 98010,USA
25/06/14 0:00,1150000,3,2,2110,18815,2,0,0,5,2110,0,1979,0,2942 222nd Pl SE,Sammamish,WA 98075,USA
25/06/14 0:00,374500,3,2.25,1400,11400,2,0,0,3,1400,0,1984,0,8133 NE 158th St,Kenmore,WA 98028,USA
25/06/14 0:00,450000,4,2.75,2310,5650,1,0,2,3,1330,980,1952,2012,9853 Arrowsmith Ave S,Seattle,WA 98118,USA
25/06/14 0:00,744500,5,2.5,2700,16570,1,0,0,4,1750,950,1967,0,428 129th Pl NE,Bellevue,WA 98005,USA
25/06/14 0:00,913888,5,2.25,2370,15512,2,0,0,4,2370,0,1981,0,14207 SE 52nd Pl,Bellevue,WA 98006,USA
25/06/14 0:00,760000,4,2.5,2760,6000,2,0,0,5,2230,530,1942,0,8107 31st Ave NE,Seattle,WA 98115,USA
25/06/14 0:00,346500,2,1.75,1610,6300,1,0,0,3,1010,600,1941,1994,5404 Columbia Dr S,Seattle,WA 98108,USA
25/06/14 0:00,280000,3,1.75,1230,8250,1,0,0,3,1230,0,1966,1963,12410 SE 168th St,Renton,WA 98058,USA
25/06/14 0:00,557500,3,1.75,1900,11165,1,0,0,4,1900,0,1959,0,3430 166th Ave SE,Bellevue,WA 98008,USA
25/06/14 0:00,260000,3,1.5,1580,8184,1,0,0,3,1140,440,1954,2005,19307 4th Ave S,Des Moines,WA 98148,USA
25/06/14 0:00,1330000,3,1.5,1940,2885,1.5,0,2,3,1940,0,1900,2005,1228 9th Ave W,Seattle,WA 98119,USA
25/06/14 0:00,640000,3,1.75,1620,6000,1,0,0,5,1040,580,1947,0,8024 Corliss Ave N,Seattle,WA 98103,USA
25/06/14 0:00,280000,7,2.5,1940,5458,2,0,0,3,1940,0,1994,0,12307 SE 315th Pl,Auburn,WA 98092,USA
25/06/14 0:00,205000,3,1,1230,8750,1,0,0,3,1230,0,1965,1993,30640-30650 1st Pl S,Federal Way,WA 98003,USA
25/06/14 0:00,957000,5,3.25,3160,5000,2,0,2,3,2180,980,2005,0,3700 W Fulton St,Seattle,WA 98199,USA
25/06/14 0:00,625000,5,2.5,2700,21208,1,0,0,4,1950,750,1955,2009,13987 SE 2nd St,Bellevue,WA 98005,USA
25/06/14 0:00,680000,4,1.5,1880,6200,1,0,2,5,1440,440,1954,0,3973 SW Arroyo Dr,Seattle,WA 98146,USA
25/06/14 0:00,150000,2,1,890,8100,1,0,0,3,890,0,1942,1999,13232 5th Ave SW,Burien,WA 98146,USA
25/06/14 0:00,255950,3,2.5,1720,3676,2,0,0,3,1720,0,1992,0,11518 SE 221st Pl,Kent,WA 98031,USA
25/06/14 0:00,246500,3,2.5,1620,7686,2,0,0,3,1620,0,1989,0,21635 SE 268th St,Maple Valley,WA 98038,USA
25/06/14 0:00,450000,2,1,1380,4390,1,0,0,4,880,500,1931,0,9024 5th Ave NE,Seattle,WA 98115,USA
25/06/14 0:00,595888,3,1.75,1870,9000,1,0,0,5,1870,0,1958,0,12521 3rd Ave NW,Seattle,WA 98177,USA
25/06/14 0:00,454000,3,1,1970,22144,1,0,0,4,1970,0,1970,0,8527 374th Pl SE,Snoqualmie,WA 98065,USA
25/06/14 0:00,299900,3,1,1110,8593,1,0,0,3,1110,0,1979,2014,18021 24th Ave NE,Shoreline,WA 98155,USA
25/06/14 0:00,200000,3,2,1190,6833,1,0,0,3,1190,0,1995,0,31519 121st Pl SE,Auburn,WA 98092,USA
25/06/14 0:00,346500,3,1,1150,11802,1,0,0,4,1150,0,1932,1958,4533 21st Ave SW,Seattle,WA 98106,USA
25/06/14 0:00,585000,4,2.75,2890,6825,1,0,0,3,1560,1330,1973,2013,11826 NE 145th St,Kirkland,WA 98034,USA
25/06/14 0:00,383000,3,1.75,1500,13430,1,0,0,3,1500,0,1977,2004,19121 NE 173rd St,Woodinville,WA 98072,USA
25/06/14 0:00,519000,4,2.5,1950,2617,1.5,0,0,4,1250,700,1910,0,1124 NW 56th St,Seattle,WA 98107,USA
25/06/14 0:00,410000,3,1.5,1250,7700,1,0,0,5,1250,0,1968,0,7202 121st Pl SE,Newcastle,WA 98056,USA
25/06/14 0:00,578000,4,2.5,2070,5415,2,0,0,3,2070,0,1996,0,25024 SE 41st Dr,Issaquah,WA 98029,USA
25/06/14 0:00,1280000,4,3.5,4660,17398,2,0,2,3,4660,0,2003,0,17069 SE 65th Pl,Bellevue,WA 98006,USA
25/06/14 0:00,395000,2,2.25,1350,1493,2,0,0,3,1050,300,2007,0,4313 SW Willow St,Seattle,WA 98136,USA
25/06/14 0:00,364000,3,2.5,1800,2790,2,0,0,3,1800,0,2011,0,3011 SW Bataan St,Seattle,WA 98126,USA
25/06/14 0:00,240000,3,2.25,1481,2820,2,0,0,3,1481,0,2012,1912,42 43rd Ct NE,Auburn,WA 98002,USA
25/06/14 0:00,328423,3,2.5,1730,3600,2,0,0,3,1730,0,2014,0,11341-11399 4th Pl SW,Seattle,WA 98146,USA
25/06/14 0:00,594000,4,2.75,2720,4613,2,0,0,3,2720,0,2005,0,8827 NE 148th Pl,Kenmore,WA 98028,USA
25/06/14 0:00,425000,3,2.5,2320,2267,3,0,0,3,2320,0,2009,0,10134 Holman Rd NW,Seattle,WA 98177,USA
25/06/14 0:00,309620,3,2.5,1860,3730,2,0,0,3,1860,0,2012,1912,1 View Ln NE,Duvall,WA 98019,USA
25/06/14 0:00,260000,5,2.5,2025,7760,2,0,0,3,2025,0,2007,0,122 Greenlake Pl,Pacific,WA 98047,USA
25/06/14 0:00,563500,3,2.5,1400,1312,3.5,0,0,3,1400,0,2007,0,3637 Phinney Ave N,Seattle,WA 98103,USA
25/06/14 0:00,975000,5,3,2620,5477,2,0,0,3,2620,0,2009,0,3655 NE 73rd St,Seattle,WA 98115,USA
26/06/14 0:00,937000,3,1.75,2450,2691,2,0,0,3,1750,700,1915,0,206 W Boston St,Seattle,WA 98119,USA
26/06/14 0:00,518500,3,3.5,1590,1102,3,0,0,3,1590,0,2010,0,769 N 74th St,Seattle,WA 98103,USA
26/06/14 0:00,563500,4,1.75,2085,174240,1,0,0,3,1610,475,1964,2000,3707 295th Ave SE,Fall City,WA 98024,USA
26/06/14 0:00,1050000,4,3.5,3450,7832,2,0,0,3,3450,0,2007,0,4564 162nd Ln SE,Bellevue,WA 98006,USA
26/06/14 0:00,350000,3,2.25,1780,16290,2,0,0,4,1780,0,1987,0,15617 160th Ct SE,Renton,WA 98058,USA
26/06/14 0:00,826000,4,2.5,3060,7140,2,0,0,3,3060,0,2006,0,2401 NE Daphne St,Issaquah,WA 98029,USA
26/06/14 0:00,225000,3,2,1700,11475,1,0,0,5,970,730,1945,0,238 SW 132nd St,Burien,WA 98146,USA
26/06/14 0:00,235867,4,2,1330,5926,1,0,0,4,1330,0,1942,1982,2109 NE 8th St,Renton,WA 98056,USA
26/06/14 0:00,399000,4,3,3060,5000,2,0,0,3,3060,0,2001,0,16126 SE 249th Pl,Covington,WA 98042,USA
26/06/14 0:00,177500,3,1.5,1220,6000,1,0,0,3,1220,0,1968,1997,472-598 Lind Ave NW,Renton,WA 98057,USA
26/06/14 0:00,224000,4,1.5,1600,9289,1,0,0,4,1600,0,1959,0,214-220 N St NE,Auburn,WA 98002,USA
26/06/14 0:00,302000,4,1.75,1530,17664,1.5,0,0,3,1530,0,1968,1997,16411 139th Pl SE,Renton,WA 98058,USA
26/06/14 0:00,760000,3,2.5,1980,13964,1,0,0,5,1980,0,1959,0,4201-4213 Island Crest Way,Mercer Island,WA 98040,USA
26/06/14 0:00,460000,3,2.5,1730,8490,1,0,0,3,1210,520,1969,2010,9037 NE 132nd Pl,Kirkland,WA 98034,USA
26/06/14 0:00,415000,3,1,1170,6700,1,0,0,3,1170,0,1957,2000,3510 NE 115th St,Seattle,WA 98125,USA
26/06/14 0:00,669000,2,1.75,1950,10766,1,0,3,4,1160,790,1952,0,3533 SW 171st St,Burien,WA 98166,USA
26/06/14 0:00,254600,3,2,1470,20000,1,0,0,4,1470,0,1968,0,19627 SE Auburn-Black Diamond Rd,Auburn,WA 98092,USA
26/06/14 0:00,357250,3,1.5,1400,8840,1,0,0,4,1400,0,1952,0,1721 NE 136th St,Seattle,WA 98125,USA
26/06/14 0:00,910000,4,3.5,4040,50479,2,0,0,3,4040,0,1987,2000,13417 218th Ave NE,Woodinville,WA 98077,USA
26/06/14 0:00,725000,6,3,3110,5000,1.5,0,0,5,1810,1300,1921,0,812 N 47th St,Seattle,WA 98103,USA
26/06/14 0:00,670000,3,1.5,1490,4400,1.5,0,0,4,1490,0,1906,1990,933 32nd Ave,Seattle,WA 98122,USA
26/06/14 0:00,440000,4,1.5,1770,5750,2,0,0,3,1770,0,1947,2012,4527 48th Ave SW,Seattle,WA 98116,USA
26/06/14 0:00,1025000,4,3.5,3320,19850,1,0,2,4,2040,1280,1977,0,8434 W Mercer Way,Mercer Island,WA 98040,USA
26/06/14 0:00,320000,2,1,950,5316,1,0,2,3,950,0,1948,1994,3743 Belvidere Ave SW,Seattle,WA 98126,USA
26/06/14 0:00,310000,4,2.5,2430,5499,2,0,0,3,2430,0,2002,0,16218 163rd Pl SE,Covington,WA 98042,USA
26/06/14 0:00,772650,4,2.5,2660,10800,1,0,0,3,2660,0,1955,2014,12345 SE 23rd Pl,Bellevue,WA 98005,USA
26/06/14 0:00,669950,4,2.5,2670,11877,2,0,0,3,2670,0,1996,0,2522 227th Pl NE,Sammamish,WA 98074,USA
26/06/14 0:00,690000,5,3.5,2720,7598,2,0,0,3,1860,860,1993,0,8921 42nd Ave NE,Seattle,WA 98115,USA
26/06/14 0:00,385000,4,2.5,3200,22651,1,0,0,5,1610,1590,1970,0,23310 118th Pl SE,Kent,WA 98031,USA
26/06/14 0:00,663000,3,2.5,2480,37843,1.5,1,3,4,2480,0,1974,0,7030 SW Maury Park Rd,Vashon,WA 98070,USA
26/06/14 0:00,300000,3,2.25,1780,10395,1,0,0,3,1780,0,1967,2011,14229 SE 165th Pl,Renton,WA 98058,USA
26/06/14 0:00,225500,2,1.75,1590,11276,1,0,0,4,1590,0,1972,0,936 Pike Pl NE,Auburn,WA 98002,USA
26/06/14 0:00,320000,3,2,1550,34175,1.5,0,0,3,1550,0,1999,0,48115 SE Mt Si Rd,North Bend,WA 98045,USA
26/06/14 0:00,775000,3,2.75,2850,14800,1,0,0,4,1920,930,1976,1992,4904 145th Ave SE,Bellevue,WA 98006,USA
26/06/14 0:00,805000,3,2.75,2600,5875,1.5,0,2,5,1600,1000,1929,0,5710 SW Admiral Way,Seattle,WA 98116,USA
26/06/14 0:00,252750,4,1,1230,7410,1.5,0,0,3,1230,0,1944,0,650 SW 137th St,Burien,WA 98166,USA
26/06/14 0:00,254000,5,2,2080,16117,1,0,0,5,1740,340,1959,0,28830 34th Ave S,Auburn,WA 98001,USA
26/06/14 0:00,620000,6,3.5,3600,6875,2,0,0,3,2740,860,2004,2003,6731 Silent Creek Ave SE,Snoqualmie,WA 98065,USA
26/06/14 0:00,435000,4,2.75,2110,8751,1,0,0,3,1510,600,1962,2003,18447-18509 94th Ave NE,Bothell,WA 98011,USA
26/06/14 0:00,460000,4,2.5,2550,19017,1,0,0,4,1300,1250,1961,2001,19259-19499 40th Pl NE,Lake Forest Park,WA 98155,USA
26/06/14 0:00,268000,3,2.5,1650,6684,2,0,0,3,1650,0,1991,0,11813 SE 219th Pl,Kent,WA 98031,USA
26/06/14 0:00,446000,2,1.5,1370,1221,2,0,0,3,1080,290,2008,0,207 20th Ave,Seattle,WA 98122,USA
26/06/14 0:00,285000,2,1,1010,7200,1,0,0,3,1010,0,1975,0,18716 35th Ave NE,Lake Forest Park,WA 98155,USA
26/06/14 0:00,530000,3,2,2330,26571,2.5,0,0,3,2330,0,1987,2000,13607 SE 10th St,Bellevue,WA 98005,USA
26/06/14 0:00,402000,2,1,620,2475,1,0,0,5,620,0,1911,1984,5001-5099 11th Ave NW,Seattle,WA 98107,USA
26/06/14 0:00,358000,3,1.5,2450,12497,1,0,0,4,2450,0,1967,0,7670 10th Ave NW,Snoqualmie,WA 98065,USA
26/06/14 0:00,354950,4,2.75,2530,7350,1,0,0,5,1280,1250,1977,0,32148-32298 33rd Ave SW,Federal Way,WA 98023,USA
26/06/14 0:00,405000,4,2.5,2220,4652,2,0,0,3,2220,0,2001,0,4839 NE 5th St,Renton,WA 98059,USA
26/06/14 0:00,568000,4,1.75,2110,265716,1,0,0,4,2110,0,1979,0,5519 236th Ave NE,Redmond,WA 98053,USA
26/06/14 0:00,575000,5,3,3690,49709,1,0,2,3,2690,1000,1960,2012,23444 10th Ave S,Des Moines,WA 98198,USA
26/06/14 0:00,315000,4,2.5,1940,10200,1,0,0,4,1140,800,1977,0,20825 135th Ave SE,Kent,WA 98042,USA
26/06/14 0:00,280927,4,2.25,2070,7350,2,0,0,4,2070,0,1977,0,26732 Carnaby Way,Kent,WA 98032,USA
26/06/14 0:00,440000,4,2.5,2160,7826,1,0,0,4,1390,770,1976,1992,20111 47th Ave NE,Lake Forest Park,WA 98155,USA
26/06/14 0:00,270000,4,2.25,2600,9900,1,0,0,3,1600,1000,1965,1993,7703 S 128th St,Seattle,WA 98178,USA
26/06/14 0:00,755000,4,2.75,2880,4000,1.5,0,0,3,2100,780,1912,2000,2101 31st Ave S,Seattle,WA 98144,USA
26/06/14 0:00,289659,4,2.25,2260,7200,2,0,0,4,2260,0,1984,0,21114-21120 119th Ave SE,Kent,WA 98031,USA
26/06/14 0:00,555000,5,3,3640,6930,2,0,0,3,3640,0,2004,2003,24709 SE 278th St,Maple Valley,WA 98038,USA
26/06/14 0:00,450000,3,1.5,1530,23660,1,0,0,3,1530,0,1952,2008,3210 NE 163rd St,Lake Forest Park,WA 98155,USA
26/06/14 0:00,1145000,3,2.5,2490,4000,2,0,0,5,1670,820,1918,0,2407 4th Ave N,Seattle,WA 98109,USA
26/06/14 0:00,495000,3,1.75,1440,11787,1,0,0,3,1440,0,1983,2009,22913 NE 20th Pl,Sammamish,WA 98074,USA
26/06/14 0:00,1250000,3,3,3760,8500,2.5,0,3,4,3060,700,1910,0,5118 SW Waite St,Seattle,WA 98116,USA
26/06/14 0:00,580000,4,1.75,1720,6975,1,0,0,3,1420,300,1975,0,4528 165th Ave NE,Redmond,WA 98052,USA
26/06/14 0:00,560000,4,2.5,2480,16360,1,0,0,5,1510,970,1959,0,18500-18560 58th Ave NE,Kenmore,WA 98028,USA
26/06/14 0:00,1080000,4,3.5,3990,5267,2,0,0,3,3990,0,2008,0,16141 SE 45th Pl,Bellevue,WA 98006,USA
26/06/14 0:00,450000,2,1.75,840,3340,1,0,0,3,700,140,1912,1994,5516 2nd Ave NW,Seattle,WA 98107,USA
26/06/14 0:00,815000,3,2,2270,11989,1,0,0,4,2270,0,1968,0,6600 mango St,Mercer Island,WA 98040,USA
26/06/14 0:00,354000,4,2.5,2580,5476,2,0,0,3,2580,0,2005,0,10125 SE 220th Pl,Kent,WA 98031,USA
26/06/14 0:00,279900,3,1.75,1580,6620,1,0,0,3,1580,0,1988,2000,2401 S 359th St,Federal Way,WA 98003,USA
26/06/14 0:00,339000,2,1,950,7954,1,0,0,4,950,0,1941,1998,2016 S Pearl St,Seattle,WA 98108,USA
26/06/14 0:00,1340000,4,3.5,3190,5040,2,0,3,3,2160,1030,2003,0,1120 33rd Ave S,Seattle,WA 98144,USA
26/06/14 0:00,710000,3,3.25,3740,136915,2.5,0,0,3,3100,640,1990,2009,16469 Marine View Dr SW,Burien,WA 98166,USA
26/06/14 0:00,815000,4,2.75,2620,4743,1,0,2,4,1310,1310,1949,1985,3311 NW 75th St,Seattle,WA 98117,USA
26/06/14 0:00,800000,3,1.75,2080,75794,1,0,0,3,2080,0,1958,2004,11406 NE 112th St,Kirkland,WA 98033,USA
26/06/14 0:00,638000,3,2,1660,3729,1,0,0,5,970,690,1922,1956,6318 SW Marguerite Ct,Seattle,WA 98116,USA
26/06/14 0:00,475580,3,1.75,1520,11085,1,0,0,3,1520,0,1983,2009,20331 NE 40th Ct,Sammamish,WA 98074,USA
26/06/14 0:00,243800,3,1,1140,27760,1,0,0,4,1140,0,1981,0,27529 SE High Point Way,Issaquah,WA 98027,USA
26/06/14 0:00,600000,3,2.5,3240,8016,2,0,0,3,2910,330,2004,2003,35019 SE Curtis Dr,Snoqualmie,WA 98065,USA
26/06/14 0:00,620000,3,2,2460,41343,1,0,0,4,2460,0,1988,0,23857 SE 98th Pl,Issaquah,WA 98027,USA
26/06/14 0:00,750000,4,2.75,1750,5080,1.5,0,0,3,1750,0,1903,2005,1447 21st Ave,Seattle,WA 98122,USA
26/06/14 0:00,626000,3,1.75,2430,5000,2,0,0,4,1760,670,1945,0,6723 12th Ave NW,Seattle,WA 98117,USA
26/06/14 0:00,230000,3,1,1060,9946,1,0,0,4,1060,0,1956,0,17736 41st Ave S,SeaTac,WA 98188,USA
26/06/14 0:00,537000,3,3,2410,7479,2,0,2,3,2410,0,1942,1988,3715 NE 153rd St,Lake Forest Park,WA 98155,USA
26/06/14 0:00,210000,2,1,720,8040,1,0,0,3,720,0,1943,2002,15252 20th Ave SW,Burien,WA 98166,USA
26/06/14 0:00,200500,3,1.75,1260,9346,1,0,0,4,1260,0,1963,0,11612 SE 258th St,Kent,WA 98030,USA
26/06/14 0:00,253500,3,1,1640,12384,1,0,0,4,1090,550,1954,1979,2628 S 309th St,Federal Way,WA 98003,USA
26/06/14 0:00,150000,3,1,1310,9612,1,0,0,3,960,350,1962,2003,34025 39th Ave S,Auburn,WA 98001,USA
26/06/14 0:00,440000,3,1.5,2120,6290,1,0,0,4,1220,900,1949,1985,4231 Powell Pl S,Seattle,WA 98108,USA
26/06/14 0:00,667000,3,1.75,3320,478288,1.5,0,3,4,2260,1060,1933,1982,40201 292nd Ave SE,Enumclaw,WA 98022,USA
26/06/14 0:00,660000,3,1,1210,9622,1,0,1,3,1210,0,1955,2009,12016 SE 42nd St,Bellevue,WA 98006,USA
26/06/14 0:00,695000,3,2.75,2590,12063,2,0,0,3,2590,0,1993,0,5633 165th Pl SE,Bellevue,WA 98006,USA
26/06/14 0:00,440000,4,2.5,2250,7526,2,0,0,3,2250,0,1989,0,5120 NE 23rd St,Renton,WA 98059,USA
26/06/14 0:00,1388000,4,3,4040,20001,1,0,0,3,2020,2020,1972,2001,3418 96th Ave NE,Clyde Hill,WA 98004,USA
26/06/14 0:00,219500,3,1,1090,6710,1.5,0,0,5,1090,0,1912,0,116 J St SE,Auburn,WA 98002,USA
26/06/14 0:00,220000,3,1.5,1660,15600,2,0,0,3,1660,0,1981,2013,38205 45th Ave S,Auburn,WA 98001,USA
26/06/14 0:00,270000,2,1,1780,81021,1,0,3,4,1780,0,1954,1979,36816 55th Ave S,Auburn,WA 98001,USA
26/06/14 0:00,900000,4,3.5,3370,5000,2,0,2,3,2470,900,2008,0,3460 38th Ave SW,Seattle,WA 98126,USA
26/06/14 0:00,1990000,5,3,4480,5000,2.5,0,0,5,3420,1060,1902,0,923 14th Ave E,Seattle,WA 98112,USA
26/06/14 0:00,800000,4,2.5,2990,16809,2,0,0,3,2990,0,1990,2009,19745 NE 127th Pl,Woodinville,WA 98077,USA
26/06/14 0:00,365000,5,2,2280,19000,1.5,0,0,3,2280,0,1924,2011,14937 20th Ave SW,Burien,WA 98166,USA
26/06/14 0:00,1387800,3,3,2480,5500,2,0,3,3,1730,750,1950,2005,2855 36th Ave W,Seattle,WA 98199,USA
26/06/14 0:00,451000,5,2.75,2830,8925,1.5,0,0,3,2830,0,1967,2011,12112 NE 143rd Pl,Kirkland,WA 98034,USA
26/06/14 0:00,202000,2,1,920,7569,1,0,0,4,920,0,1950,1983,12120-12198 24th Ave S,Burien,WA 98168,USA
26/06/14 0:00,1410000,4,2.25,3250,16684,2,0,0,3,3250,0,1979,2014,2520 Medina Cir,Medina,WA 98039,USA
26/06/14 0:00,471000,2,1.75,1240,6417,1,0,0,5,1240,0,1924,1956,6528 37th Ave SW,Seattle,WA 98126,USA
26/06/14 0:00,827000,4,2.5,3230,12100,1,0,0,3,1870,1360,1977,2004,4613 146th Pl SE,Bellevue,WA 98006,USA
26/06/14 0:00,235000,5,2.5,2500,9583,1,0,0,3,1300,1200,1979,2014,1630 S 231st Pl,Des Moines,WA 98198,USA
26/06/14 0:00,216500,2,1.75,1390,4482,1,0,0,4,1390,0,1980,0,24801-24805 11th Ave S,Des Moines,WA 98198,USA
26/06/14 0:00,359000,5,1.75,1940,6654,1.5,0,0,4,1940,0,1953,1983,15212 20th Ave SW,Burien,WA 98166,USA
26/06/14 0:00,252500,3,2,1900,8002,1,0,0,3,1900,0,1991,0,1209 SW 347th Pl,Federal Way,WA 98023,USA
26/06/14 0:00,370000,3,1.5,2380,14500,1,0,0,4,1850,530,1961,2001,6340 NE 196th St,Kenmore,WA 98028,USA
26/06/14 0:00,663000,3,2,1480,3876,1,0,0,5,860,620,1928,1970,7028 20th Ave NW,Seattle,WA 98117,USA
26/06/14 0:00,971971,4,3.75,3460,6738,2,0,0,3,3460,0,2013,1923,14626 Renton Issaquah Rd SE,Renton,WA 98059,USA
26/06/14 0:00,420000,3,1.75,1444,249126,1.5,0,0,3,1444,0,2008,0,21700-21712 119th Ave SW,Vashon,WA 98070,USA
26/06/14 0:00,330675,4,3,1930,3031,1,0,0,3,1200,730,2006,0,26418 NE Anderson St,Duvall,WA 98019,USA
26/06/14 0:00,240000,4,1,1200,2171,1.5,0,0,3,1200,0,1933,0,10720 Stone Ave N,Seattle,WA 98133,USA
26/06/14 0:00,334888,3,2.5,1769,7324,2,0,0,3,1769,0,2012,1912,11515 SE 302nd Ct,Auburn,WA 98092,USA
26/06/14 0:00,414000,3,2.5,2490,4540,2.5,0,0,3,2490,0,2012,1912,4724 NE 14th St,Renton,WA 98059,USA
26/06/14 0:00,782900,4,3.25,3060,3898,2,0,0,3,2300,760,2014,0,2354 NW Harmony Way,Issaquah,WA 98027,USA
26/06/14 0:00,525000,4,2.75,3030,6625,2,0,0,3,3030,0,2011,0,4924 SE 2nd Pl,Renton,WA 98059,USA
26/06/14 0:00,429900,3,2.5,2370,5353,2,0,0,3,2370,0,2009,0,14522 271st Ct NE,Duvall,WA 98019,USA
26/06/14 0:00,390000,3,3.25,1370,913,2,0,0,3,1100,270,2006,0,4438 44th Ave SW,Seattle,WA 98116,USA
26/06/14 0:00,224000,3,1.75,1500,11968,1,0,0,3,1500,0,2014,0,32428-32598 5th Ave,Black Diamond,WA 98010,USA
27/06/14 0:00,257500,3,2.25,1715,6819,2,0,0,3,1715,0,1995,0,533 S 330th Pl,Federal Way,WA 98003,USA
27/06/14 0:00,665000,2,1,1110,3200,1,0,0,3,1110,0,1925,2002,1604 1st Ave W,Seattle,WA 98119,USA
27/06/14 0:00,327000,5,2.75,2400,8050,2,0,0,3,2400,0,1998,2006,5020 Quincy Ave SE,Auburn,WA 98092,USA
27/06/14 0:00,425000,3,1,1520,213444,1.5,0,3,5,1520,0,1988,0,10500 185th Ave SE,Renton,WA 98059,USA
27/06/14 0:00,687500,4,2.75,3190,10970,2,0,0,3,3190,0,1994,0,2632 232nd Pl SE,Sammamish,WA 98075,USA
27/06/14 0:00,672500,3,2.25,2400,5300,1.5,0,0,4,1250,1150,1939,1989,8022 22nd Ave NW,Seattle,WA 98117,USA
27/06/14 0:00,140000,3,1,1060,7473,1,0,0,3,1060,0,1959,1989,25826 19th Ave S,Des Moines,WA 98198,USA
27/06/14 0:00,215500,2,1.75,1220,15600,1,0,0,3,1220,0,1972,2002,35301-35323 56th Ave S,Auburn,WA 98001,USA
27/06/14 0:00,464900,4,2.25,2020,8424,1,0,0,4,1380,640,1979,0,14008 81st Ave NE,Kirkland,WA 98034,USA
27/06/14 0:00,417000,4,2.25,2300,7700,1,0,0,3,1380,920,1959,1989,535 NE 117th St,Seattle,WA 98125,USA
27/06/14 0:00,453000,4,2.75,2300,37533,1,0,3,5,1550,750,1979,0,7707 SW 259th St,Vashon,WA 98070,USA
27/06/14 0:00,700000,3,2.5,1660,1545,2,0,2,3,1400,260,2002,0,813 2nd Ave N,Seattle,WA 98109,USA
27/06/14 0:00,1619999,4,3,3900,9750,1,0,4,5,2520,1380,1972,0,4720 Somerset Ave SE,Bellevue,WA 98006,USA
27/06/14 0:00,259500,3,1.75,1650,12349,1,0,0,3,1650,0,1957,2000,4104 S 179th St,SeaTac,WA 98188,USA
27/06/14 0:00,460000,4,2.5,2110,35091,1,0,0,4,1290,820,1985,0,24434 SE Mirrormont Blvd,Issaquah,WA 98027,USA
27/06/14 0:00,561500,3,1.75,1960,6380,1,0,0,4,980,980,1939,1989,1035 NE 95th St,Seattle,WA 98115,USA
27/06/14 0:00,641000,4,2.5,2770,63118,2,0,0,3,2770,0,1997,0,6338 284th Way NE,Carnation,WA 98014,USA
27/06/14 0:00,330000,4,1.75,2440,7350,1,0,0,3,1610,830,1978,0,3716 S 253rd Pl,Kent,WA 98032,USA
27/06/14 0:00,447000,2,1,1320,8380,1,0,0,3,1320,0,1953,0,10356 Dibble Ave NW,Seattle,WA 98177,USA
27/06/14 0:00,320000,4,2.5,2570,4865,2,0,0,3,2570,0,2005,0,27102 227th Pl SE,Maple Valley,WA 98038,USA
27/06/14 0:00,212700,2,1,940,5040,1,0,0,3,940,0,1926,2003,7157 32nd Ave SW,Seattle,WA 98126,USA
27/06/14 0:00,260000,2,1,700,4800,1,0,0,3,700,0,1922,2008,1518 25th Ave,Seattle,WA 98122,USA
27/06/14 0:00,410000,3,2,1400,45738,2,0,0,4,1400,0,1981,0,26907 94th Ave SW,Vashon,WA 98070,USA
27/06/14 0:00,355000,4,2.5,1890,7867,2,0,0,3,1890,0,1996,0,24920-24925 235th Way SE,Maple Valley,WA 98038,USA
27/06/14 0:00,275500,2,1,720,11400,1,0,0,5,720,0,1951,0,18529 Ashworth Ave N,Shoreline,WA 98133,USA
27/06/14 0:00,415000,3,1.75,2410,8944,1,0,0,4,1860,550,1967,0,17051 151st Ave SE,Renton,WA 98058,USA
27/06/14 0:00,279000,3,2.5,1630,7950,1,0,0,3,1320,310,1985,0,20101 137th Ave SE,Kent,WA 98042,USA
27/06/14 0:00,350000,5,1.75,2330,14322,1,0,0,4,1180,1150,1968,0,13826 SE 141st St,Renton,WA 98059,USA
27/06/14 0:00,355000,2,2.25,1330,10838,2,0,0,3,1330,0,1985,0,19228 73rd Ave NE,Kenmore,WA 98028,USA
27/06/14 0:00,750000,4,2.25,3190,11597,2,0,0,3,2300,890,1984,0,2513 225th Pl NE,Sammamish,WA 98074,USA
27/06/14 0:00,235000,3,1.75,1400,6300,1,0,0,3,1400,0,1998,2006,1783 Loraine St,Enumclaw,WA 98022,USA
27/06/14 0:00,209950,3,1,970,9583,1,0,0,4,970,0,1967,0,33235 26th Ave SW,Federal Way,WA 98023,USA
27/06/14 0:00,230000,3,1.75,1010,9600,1,0,0,5,1010,0,1969,0,18827 SE 244th Pl,Covington,WA 98042,USA
27/06/14 0:00,725000,3,2.5,3580,54450,1.5,0,0,3,3580,0,1990,2009,23115 SE 222nd St,Maple Valley,WA 98038,USA
27/06/14 0:00,430000,2,1,1050,2570,1,0,0,5,850,200,1927,0,6520-6588 8th Ave NW,Seattle,WA 98117,USA
27/06/14 0:00,661500,5,2.5,2500,7200,1,0,0,4,1490,1010,1977,0,16426 NE 107th Pl,Redmond,WA 98052,USA
27/06/14 0:00,738000,3,3,2630,4896,2,0,0,3,2630,0,2006,0,10342 155th Ave NE,Redmond,WA 98052,USA
27/06/14 0:00,1820000,4,4.5,6640,53330,2,0,0,3,6640,0,1993,0,21909 NE 141st St,Woodinville,WA 98077,USA
27/06/14 0:00,221000,3,1,910,8789,1,0,0,3,910,0,1966,1963,636 S 188th St,Seattle,WA 98148,USA
27/06/14 0:00,665000,3,2.5,2610,35000,2,0,0,3,2610,0,1988,2000,15325 179th Ave NE,Woodinville,WA 98072,USA
27/06/14 0:00,255000,3,2.5,1720,6194,2,0,0,3,1720,0,1998,2006,5130 Francis Ct SE,Auburn,WA 98092,USA
27/06/14 0:00,1195000,5,2.75,3650,13297,2,0,0,5,2750,900,1969,0,5912 83rd Pl SE,Mercer Island,WA 98040,USA
27/06/14 0:00,355000,3,1.75,2040,22693,1,0,0,4,2040,0,1980,0,15125 SE 278th Pl,Kent,WA 98042,USA
27/06/14 0:00,755000,5,2.5,3260,24300,1.5,0,1,4,2310,950,1950,1983,5121 NE 180th St,Lake Forest Park,WA 98155,USA
27/06/14 0:00,300000,3,1.5,1590,8911,1,0,0,3,1590,0,1956,2001,6615 NE 154th St,Kenmore,WA 98028,USA
27/06/14 0:00,500000,4,1,1440,7100,1.5,0,0,3,1440,0,1906,2014,3006 NW 60th St,Seattle,WA 98107,USA
27/06/14 0:00,191000,2,1,900,3400,1,0,0,5,900,0,1905,0,8523 Dallas Ave S,Seattle,WA 98108,USA
27/06/14 0:00,315000,6,4,3120,4240,2,0,2,4,2090,1030,1993,0,7945 14th Ave SW,Seattle,WA 98106,USA
27/06/14 0:00,415000,3,2.5,1060,1536,2,0,0,3,1060,0,2000,0,2922 NW 85th St,Seattle,WA 98117,USA
27/06/14 0:00,394000,4,2.5,3000,9793,2,0,0,3,3000,0,2002,0,26309 235th Ave SE,Maple Valley,WA 98038,USA
27/06/14 0:00,490000,3,2.5,2230,5348,2,0,0,3,2230,0,2000,0,7325 Heather Ave SE,Snoqualmie,WA 98065,USA
27/06/14 0:00,523460,5,1.75,1890,5000,1.5,0,0,3,1090,800,1906,2014,1126 NW 58th St,Seattle,WA 98107,USA
27/06/14 0:00,550000,4,3.5,4150,16197,2,0,0,3,4150,0,2006,0,11824 SE 290th Pl,Auburn,WA 98092,USA
27/06/14 0:00,342000,3,1.75,1780,10409,1,0,0,3,1280,500,1981,2013,15634 129th Pl SE,Renton,WA 98058,USA
27/06/14 0:00,560000,4,2.5,2710,6583,2,0,0,3,2710,0,2003,0,612 Orcas Ave NE,Renton,WA 98059,USA
27/06/14 0:00,1050000,4,4.25,4390,13833,2,0,3,3,3320,1070,2003,0,5160 235th Pl SE,Issaquah,WA 98029,USA
27/06/14 0:00,710000,2,1.5,1640,4080,1.5,0,0,5,1540,100,1916,0,4532 Latona Ave NE,Seattle,WA 98105,USA
27/06/14 0:00,1020000,3,2.25,1670,4800,1.5,0,3,3,1670,0,1903,2005,715 W Howe St,Seattle,WA 98119,USA
27/06/14 0:00,399950,3,2.5,2570,10431,2,0,0,3,2570,0,1989,0,9531 S 204th Pl,Kent,WA 98031,USA
27/06/14 0:00,480000,2,1,1500,3420,1,0,0,3,1500,0,1902,0,4422 Woodlawn Ave N,Seattle,WA 98103,USA
27/06/14 0:00,410000,3,1,2710,19000,2,0,3,4,2710,0,1950,1983,17449 Sylvester Rd SW,Burien,WA 98166,USA
27/06/14 0:00,530000,4,1.75,2860,48351,1,0,0,3,1710,1150,1978,0,18926 NE 183rd St,Woodinville,WA 98077,USA
27/06/14 0:00,528000,2,0.75,840,40642,1,1,4,4,840,0,1937,0,8907 SW Quartermaster Dr,Vashon,WA 98070,USA
27/06/14 0:00,469900,4,2.5,2990,8913,2,0,0,4,2990,0,1991,0,18626 136th Pl SE,Renton,WA 98058,USA
27/06/14 0:00,397000,5,1,1170,6757,1,0,0,4,800,370,1944,0,14327 24th Ave NE,Seattle,WA 98125,USA
27/06/14 0:00,718500,3,1.5,1200,6240,1,0,0,3,1030,170,1952,2008,326 36th Ave E,Seattle,WA 98112,USA
27/06/14 0:00,195000,2,1,1020,8100,1,0,0,3,1020,0,1940,1996,11819 1st Avenue South,Seattle,WA 98168,USA
27/06/14 0:00,285000,2,1,910,8155,1,0,0,4,910,0,1948,0,15322 26th Ave NE,Shoreline,WA 98155,USA
27/06/14 0:00,295000,1,1,700,2500,1,0,0,4,700,0,1907,0,4108 25th Ave SW,Seattle,WA 98106,USA
27/06/14 0:00,602000,4,1.75,2420,37800,1,0,0,4,1880,540,1981,0,23607 NE 72nd St,Redmond,WA 98053,USA
27/06/14 0:00,235000,3,1.75,1950,8712,1,0,0,3,1950,0,1960,2012,18201-18223 114th Ave SE,Renton,WA 98055,USA
27/06/14 0:00,465000,4,2.5,3060,6000,2,0,0,3,3060,0,2012,1912,21212 SE 260th St,Maple Valley,WA 98038,USA
27/06/14 0:00,234000,4,1,1390,18000,1,0,0,3,1390,0,1955,2013,3915 S 238th St,Kent,WA 98032,USA
27/06/14 0:00,504200,2,1.5,1200,1687,3,0,0,3,1200,0,2008,0,3467 Meridian Ave N,Seattle,WA 98103,USA
27/06/14 0:00,710000,3,2.5,2440,4153,2,0,0,3,2440,0,2003,0,6625 188th Pl NE,Redmond,WA 98052,USA
27/06/14 0:00,589500,3,3.25,2310,3075,2,0,0,3,1730,580,2005,0,4405 40th Ave SW,Seattle,WA 98116,USA
27/06/14 0:00,415000,3,2.75,2600,64626,1.5,0,0,3,2600,0,2009,0,69506 NE Money Creek Rd,Skykomish,WA 98288,USA
27/06/14 0:00,735000,3,2.25,1490,1212,2,0,0,3,1040,450,2011,0,425 15th Ave E,Seattle,WA 98112,USA
27/06/14 0:00,427000,3,2.5,2432,9391,2,0,2,3,2432,0,2005,0,28461 54th Ave S,Federal Way,WA 98001,USA
27/06/14 0:00,982000,4,2.75,3610,8580,2,0,0,3,3610,0,2014,0,12440 NE 73rd St,Kirkland,WA 98033,USA
27/06/14 0:00,459000,4,3,2530,10000,2,0,0,3,2530,0,2013,1923,111 S 192nd St,Burien,WA 98148,USA
27/06/14 0:00,483453,4,2.75,2790,5527,2,0,0,3,2790,0,2014,0,897 SE 11th St,North Bend,WA 98045,USA
27/06/14 0:00,246950,3,3,1670,4440,1,0,0,3,1670,0,2014,0,495 Petersen Dr E,Enumclaw,WA 98022,USA
27/06/14 0:00,235000,1,1.5,1170,1456,2,0,0,3,1070,100,2007,0,3003 SW Cycle Ct,Seattle,WA 98126,USA
27/06/14 0:00,288790,4,2,1350,942,3,0,0,3,1350,0,2008,0,916 4th Ave NE,Issaquah,WA 98029,USA
27/06/14 0:00,229800,2,1.75,1110,1773,2,0,0,3,1110,0,2014,0,4217 Renton Ave S,Seattle,WA 98108,USA
27/06/14 0:00,516500,1,1.25,1100,638,3,0,0,3,1100,0,2014,0,416 19th Ave E,Seattle,WA 98112,USA
28/06/14 0:00,1600000,3,4.25,2820,7200,2,0,0,4,2460,360,1930,0,3221 E Morley Way,Seattle,WA 98112,USA
28/06/14 0:00,234000,3,1,1040,8128,1,0,0,3,1040,0,1983,2009,26720 NE Stewart St,Duvall,WA 98019,USA
28/06/14 0:00,230000,2,1.75,1910,3376,2,0,0,3,1910,0,1980,0,213th Ave SE,Maple Valley,WA 98038,USA
28/06/14 0:00,300000,4,1,1370,8499,1,0,0,3,1370,0,1949,1998,14709 26th Ave NE,Shoreline,WA 98155,USA
28/06/14 0:00,470000,3,1.5,1500,5000,1.5,0,0,4,1140,360,1927,0,6737-6741 13th Ave NW,Seattle,WA 98117,USA
28/06/14 0:00,339900,3,1,1200,9087,1,0,0,5,1200,0,1969,0,8860 122nd Ct SE,Newcastle,WA 98056,USA
28/06/14 0:00,650000,2,1,1050,2542,1,0,0,3,880,170,1904,0,1723 27th Ave,Seattle,WA 98122,USA
28/06/14 0:00,585000,5,2.5,2670,16777,1.5,0,0,4,1620,1050,1920,0,2500 NE 100th St,Seattle,WA 98125,USA
28/06/14 0:00,699900,4,2.5,2190,11500,1,0,0,4,1430,760,1972,0,4421 145th Ave SE,Bellevue,WA 98006,USA
28/06/14 0:00,598000,4,2.5,3130,40918,2,0,0,3,3130,0,1994,0,46300 SE 137th St,North Bend,WA 98045,USA
28/06/14 0:00,475000,3,2.5,1700,9100,1,0,0,3,1160,540,1998,2006,7318 36th Ave SW,Seattle,WA 98126,USA
28/06/14 0:00,314500,3,1.75,1700,17355,1,0,0,3,1200,500,1978,0,26522 214th Ave SE,Maple Valley,WA 98038,USA
29/06/14 0:00,397000,3,3.5,1360,1275,2,0,0,3,1240,120,2007,0,1337 14th Ave S,Seattle,WA 98144,USA
29/06/14 0:00,345000,3,2,1610,15005,1,0,0,4,1610,0,1986,0,31907 NE 102nd Pl,Carnation,WA 98014,USA
29/06/14 0:00,325000,5,2.75,2130,6222,1,0,0,3,1300,830,1991,0,4443 S Camano Pl,Seattle,WA 98118,USA
29/06/14 0:00,265000,3,1,1800,7650,1,0,0,5,1800,0,1957,0,600 Jefferson Ave NE,Renton,WA 98056,USA
29/06/14 0:00,402000,4,2.75,2950,15540,1,0,0,4,2120,830,1974,0,24204-24298 142nd Ave SE,Kent,WA 98042,USA
29/06/14 0:00,835000,3,2.25,2120,54014,2,0,0,4,2120,0,1964,0,4204 134th Ave NE,Bellevue,WA 98005,USA
30/06/14 0:00,780000,4,2.5,3500,7048,2,0,0,3,3500,0,2005,0,8906-8914 236th Ave NE,Redmond,WA 98053,USA
30/06/14 0:00,250000,3,2,1440,9220,1,0,0,3,1440,0,1965,1993,25816 13th Pl S,Des Moines,WA 98198,USA
30/06/14 0:00,1200000,4,2,2120,3360,2,0,0,3,2120,0,1905,2010,420 17th Ave E,Seattle,WA 98112,USA
30/06/14 0:00,935000,2,2.5,1780,2067,2,0,0,5,1780,0,1974,0,223 98th Ave NE,Bellevue,WA 98004,USA
30/06/14 0:00,300000,2,1,960,8153,1,0,0,3,960,0,1947,2012,2610 NE 145th St,Shoreline,WA 98155,USA
30/06/14 0:00,419000,2,1.75,1510,4980,1,0,0,3,1510,0,2006,0,13471 Adair Creek Way NE,Redmond,WA 98053,USA
30/06/14 0:00,410000,1,1.5,1010,5750,1,0,0,3,1010,0,1911,1948,4611 SW Maple Way,Seattle,WA 98136,USA
30/06/14 0:00,1165000,3,3,3790,5001,2,0,0,3,2810,980,1989,0,3809 E Alder St,Seattle,WA 98122,USA
30/06/14 0:00,461000,3,1.75,3600,8666,2,0,0,4,2400,1200,1948,0,13017 NE 100th St,Kirkland,WA 98033,USA
30/06/14 0:00,385000,3,1.75,1300,7030,1,0,0,3,1300,0,1968,1997,13420 121st Ave NE,Kirkland,WA 98034,USA
30/06/14 0:00,669500,4,2.25,2500,4046,1.5,0,0,4,1520,980,1940,2001,8044 20th Ave NW,Seattle,WA 98117,USA
30/06/14 0:00,491950,3,2.25,2090,10733,1,0,0,3,1440,650,1958,2004,4401 NE 95th St,Seattle,WA 98115,USA
30/06/14 0:00,1230000,3,1.75,2200,14630,1.5,0,1,3,2200,0,1948,2003,9329 SE Shoreland Dr,Bellevue,WA 98004,USA
30/06/14 0:00,560000,3,2.25,2070,15002,1.5,0,0,3,2070,0,1955,2013,5121 NE 187th St,Lake Forest Park,WA 98155,USA
30/06/14 0:00,370000,3,1,1320,7341,1,0,0,3,1320,0,1982,0,14744 31st Ave NE,Shoreline,WA 98155,USA
30/06/14 0:00,263400,4,2,1360,60548,1,0,0,3,960,400,1960,2012,36656 55th Pl S,Auburn,WA 98001,USA
30/06/14 0:00,100000,2,1,930,7623,1,0,0,2,930,0,1942,0,1038 SW 152nd St,Burien,WA 98166,USA
30/06/14 0:00,289950,3,2.5,1760,8584,1.5,0,0,5,1760,0,1937,0,15827 7th Pl S,Burien,WA 98148,USA
30/06/14 0:00,263000,3,1.75,1410,8100,2,0,0,3,1410,0,1985,0,22036 SE 268th St,Maple Valley,WA 98038,USA
30/06/14 0:00,397500,4,2.5,2570,7859,2,0,0,3,2570,0,1992,0,22200 SE 255th St,Maple Valley,WA 98038,USA
30/06/14 0:00,245000,3,2.75,1300,14197,1,0,0,3,860,440,1996,0,11748 SE 264th St,Kent,WA 98030,USA
30/06/14 0:00,535000,3,1,1580,6300,1,0,0,3,1180,400,1925,2002,2108 W Bertona St,Seattle,WA 98199,USA
30/06/14 0:00,449000,4,2.5,2960,6031,2,0,0,3,2960,0,2005,0,22614 SE 270th Pl,Maple Valley,WA 98038,USA
30/06/14 0:00,490000,4,3,2330,3497,2,0,0,3,1920,410,2003,0,5294-5296 19th Pl S,Seattle,WA 98108,USA
30/06/14 0:00,445800,4,2.25,2070,39446,1,0,0,3,1470,600,1977,2004,20143 47th Ave NE,Lake Forest Park,WA 98155,USA
30/06/14 0:00,345000,2,1,970,5750,1,0,0,4,970,0,1932,1958,5601 29th Ave SW,Seattle,WA 98126,USA
30/06/14 0:00,327500,3,2.25,2310,7200,2,0,0,3,2310,0,1990,2009,11103 SE 219th Pl,Kent,WA 98031,USA
30/06/14 0:00,436500,4,2.5,2290,11173,2,0,0,4,2290,0,1988,0,133rd Ave SE,Renton,WA 98058,USA
30/06/14 0:00,550000,3,2.25,1720,9600,1,0,0,4,1220,500,1967,0,5606 160th Ave NE,Redmond,WA 98052,USA
30/06/14 0:00,441000,2,1.5,1190,3400,1,0,0,3,990,200,1919,2001,6008 8th Ave NE,Seattle,WA 98115,USA
30/06/14 0:00,406500,2,1,870,5750,1,0,0,4,870,0,1947,1988,4437 49th Ave SW,Seattle,WA 98116,USA
30/06/14 0:00,243000,2,1.5,1068,1758,2,0,0,3,1068,0,1990,2009,7231 NE 171st Ln,Kenmore,WA 98028,USA
30/06/14 0:00,359500,4,2.75,2140,10316,2,0,0,3,2140,0,1993,0,27721 48th Ave S,Auburn,WA 98001,USA
30/06/14 0:00,760000,4,2.5,3300,165528,2,0,0,3,3300,0,1984,0,19014 233rd Ave NE,Woodinville,WA 98077,USA
30/06/14 0:00,1925000,5,4.25,4830,8050,2.5,0,2,4,3710,1120,1914,1945,2653 Cascadia Ave S,Seattle,WA 98144,USA
30/06/14 0:00,408000,5,3.25,2820,6589,1.5,0,0,3,2320,500,1906,2014,7403 48th Ave S,Seattle,WA 98118,USA
30/06/14 0:00,480000,4,3,2440,9664,2,0,0,3,1890,550,1981,2013,18713 66th Ave NE,Kenmore,WA 98028,USA
30/06/14 0:00,875000,4,1.5,1800,3245,1.5,0,0,4,1800,0,1929,0,2304 N 44th St,Seattle,WA 98103,USA
30/06/14 0:00,308000,3,1,1010,8800,1,0,0,4,1010,0,1954,1979,5968 44th Ave S,Seattle,WA 98118,USA
30/06/14 0:00,880000,4,2.75,3220,4392,1.5,0,0,4,2320,900,1931,0,5720 Princeton Ave NE,Seattle,WA 98105,USA
30/06/14 0:00,1730000,5,3.5,5000,26540,2,0,3,3,3410,1590,2008,0,4419 Ferncroft Rd,Mercer Island,WA 98040,USA
30/06/14 0:00,170000,2,1,1200,24792,2,0,0,2,1200,0,1976,0,3009 W Ames Lake Dr NE,Redmond,WA 98053,USA
30/06/14 0:00,491500,3,2.25,1470,4322,2,0,0,3,1470,0,1985,0,4327 242nd Pl SE,Issaquah,WA 98029,USA
30/06/14 0:00,515000,3,2.5,2600,4506,2,0,0,3,2600,0,2003,0,14811 89th Pl NE,Kenmore,WA 98028,USA
30/06/14 0:00,550000,4,1.5,2750,128502,1,0,0,2,1500,1250,1958,0,18647 108th Ave SE,Renton,WA 98055,USA
30/06/14 0:00,255000,2,1,1320,9967,1,0,0,3,940,380,1919,2001,3822 Martin Luther King Jr Way S,Seattle,WA 98108,USA
30/06/14 0:00,635000,3,2.5,3350,4007,2,0,0,3,2550,800,2005,0,10068 NE 142nd Pl,Kirkland,WA 98034,USA
30/06/14 0:00,850000,3,2.5,2650,2387,2,0,0,3,1830,820,1920,1979,408 W Lee St,Seattle,WA 98119,USA
30/06/14 0:00,265000,2,2,1860,10856,1,0,0,3,1260,600,1952,2008,11263-11611 Beacon Ave S,Seattle,WA 98178,USA
30/06/14 0:00,349810,3,1,960,8855,1,0,0,4,960,0,1958,1972,137 NE 193rd St,Shoreline,WA 98155,USA
30/06/14 0:00,972000,4,1.75,2010,6300,1,0,2,5,1610,400,1937,0,2827 43rd Ave W,Seattle,WA 98199,USA
30/06/14 0:00,235000,2,1,900,28800,1,0,0,1,900,0,1928,0,8406 Railroad Ave,Snoqualmie,WA 98065,USA
30/06/14 0:00,330000,4,2.5,2340,11784,2,0,0,3,2340,0,1997,0,24200-24498 144th Ave SE,Kent,WA 98042,USA
30/06/14 0:00,500000,4,3,3720,15048,3,0,0,3,3720,0,1979,2014,10218 147th Ave SE,Renton,WA 98059,USA
30/06/14 0:00,570000,3,2,1890,29185,1,0,0,3,1470,420,1949,2013,12933 SE 46th Ln,Bellevue,WA 98006,USA
30/06/14 0:00,1309500,4,2.5,2680,12215,1,1,4,3,1590,1090,1956,2001,18051 Normandy Terrace SW,Normandy Park,WA 98166,USA
30/06/14 0:00,544000,3,2.5,1460,1613,2,0,0,3,1180,280,2007,0,6710 Alonzo Ave NW,Seattle,WA 98117,USA
30/06/14 0:00,439000,3,2.5,3180,7904,1,0,0,3,1810,1370,2006,0,2813 NE 4th Ct,Renton,WA 98056,USA
30/06/14 0:00,530000,4,2.25,1980,15086,2,0,0,3,1980,0,1981,2013,20703 NE 42nd Pl,Sammamish,WA 98074,USA
30/06/14 0:00,427500,2,2,1090,934,3,0,0,3,1090,0,2008,0,1700 Dexter Ave N,Seattle,WA 98109,USA
30/06/14 0:00,337000,4,2.5,2230,5970,2,0,0,4,2230,0,2002,0,15731 SE 253rd Pl,Covington,WA 98042,USA
30/06/14 0:00,1095000,4,2.75,3330,9143,2,0,0,4,3330,0,1995,0,11217 NE 90th St,Kirkland,WA 98033,USA
30/06/14 0:00,435000,4,2,1880,3840,1,0,0,3,970,910,1904,0,1101 23rd Ave S,Seattle,WA 98144,USA
30/06/14 0:00,765000,5,3,2870,5700,1,0,0,3,1950,920,1964,2000,4520 Sunnyside Ave N,Seattle,WA 98103,USA
30/06/14 0:00,492650,4,1.75,2120,9786,1,0,0,3,1640,480,1967,2011,520 NW 201st Pl,Shoreline,WA 98177,USA
30/06/14 0:00,383962,4,2.5,2700,6998,2,0,0,3,2700,0,2001,0,14911 57th Ave S,Tukwila,WA 98168,USA
30/06/14 0:00,950000,4,2.5,3670,7680,2.5,0,0,3,3670,0,2007,0,2913 NE Davis Loop,Issaquah,WA 98029,USA
30/06/14 0:00,457000,3,2.5,1220,1330,2,0,0,3,1010,210,2008,0,8354 11th Ave NW,Seattle,WA 98117,USA
30/06/14 0:00,1510000,5,3.25,4390,11250,2,0,0,3,4390,0,2007,0,8442 SE 36th St,Mercer Island,WA 98040,USA
30/06/14 0:00,882566,4,2.5,3560,5265,3,0,0,3,3560,0,2014,0,17122 NE 117th St,Redmond,WA 98052,USA
30/06/14 0:00,963000,4,3.25,3530,8589,2,0,0,3,3530,0,2007,0,10815 110th Ave NE,Kirkland,WA 98033,USA
30/06/14 0:00,345000,4,2.5,2280,5000,2,0,0,3,2280,0,2006,0,27019 228th Pl SE,Maple Valley,WA 98038,USA
30/06/14 0:00,2065000,4,3.75,4350,7965,2,0,0,3,4350,0,2013,1923,2000-2098 102nd Ave NE,Bellevue,WA 98004,USA
01/07/14 0:00,800000,3,3.5,3830,221284,2,0,0,3,3530,300,1993,0,18810 236th Ave NE,Woodinville,WA 98077,USA
01/07/14 0:00,314500,3,2,2050,13303,1,0,0,3,2050,0,1993,0,37128 19th Way S,Federal Way,WA 98003,USA
01/07/14 0:00,530000,3,2.5,3660,39478,2,0,2,4,3260,400,1989,0,27699 SE 401st St,Enumclaw,WA 98022,USA
01/07/14 0:00,650000,4,2.5,3350,46748,2,0,0,3,3350,0,2004,2003,28815 237th Pl SE,Black Diamond,WA 98010,USA
01/07/14 0:00,349500,3,2,1270,3600,1,0,0,3,1270,0,1963,2008,2709 E Marion St,Seattle,WA 98122,USA
01/07/14 0:00,1198000,4,3.5,3400,3850,2.5,0,0,3,2790,610,2008,0,2303 E Valley St,Seattle,WA 98112,USA
01/07/14 0:00,165050,3,1,1200,8514,1,0,0,3,1200,0,1959,1989,1419 Farrelly St,Enumclaw,WA 98022,USA
01/07/14 0:00,580000,3,2.5,2200,11000,2,0,2,3,2200,0,1978,0,1430-1920 W Lake Sammamish Pkwy SE,Bellevue,WA 98008,USA
01/07/14 0:00,330000,3,2.5,1680,11312,1,0,0,3,1080,600,1959,1989,10843-10857 8th Ave SW,Seattle,WA 98146,USA
01/07/14 0:00,875000,5,3.5,3840,8279,2,0,0,3,3840,0,2001,0,21033 SE 5th St,Sammamish,WA 98074,USA
01/07/14 0:00,500000,2,1,950,4500,1,0,2,3,850,100,1926,2003,4024 Phinney Ave N,Seattle,WA 98103,USA
01/07/14 0:00,445000,4,2.5,2280,42077,2,0,0,3,2280,0,1994,0,19901-19999 SE 290th Pl,Kent,WA 98042,USA
01/07/14 0:00,274900,4,2.5,1970,6600,2,0,0,3,1970,0,1987,2000,28206 130th Ave SE,Kent,WA 98030,USA
01/07/14 0:00,219950,3,1.5,1620,9310,1,0,0,4,1620,0,1967,0,17459 SE 262nd St,Covington,WA 98042,USA
01/07/14 0:00,691500,4,2.5,2600,7200,2,0,0,3,2600,0,1962,2002,9041 49th Ave NE,Seattle,WA 98115,USA
01/07/14 0:00,459500,2,1,1250,3825,1,0,0,3,850,400,1929,0,7031 18th Ave NW,Seattle,WA 98117,USA
01/07/14 0:00,955500,4,1.75,2130,5080,1.5,0,0,3,2130,0,1914,1993,2572 5th Ave W,Seattle,WA 98119,USA
01/07/14 0:00,328950,4,1.75,2550,8976,1,0,0,5,1300,1250,1978,0,19254 121st Pl SE,Kent,WA 98031,USA
01/07/14 0:00,307000,3,1,1150,6000,1.5,0,0,3,1150,0,1927,2011,227 W 2nd St,North Bend,WA 98045,USA
01/07/14 0:00,382500,3,1.75,1040,9000,1,0,0,4,1040,0,1967,0,425-445 Mt Defiance Cir SW,Issaquah,WA 98027,USA
01/07/14 0:00,1150000,4,2.5,3340,10422,2,0,0,3,3340,0,1996,0,10640 NE 46th St,Kirkland,WA 98033,USA
01/07/14 0:00,1297000,6,2.75,2630,9420,2,0,0,5,2510,120,1900,0,5529 Wallingford Ave N,Seattle,WA 98103,USA
01/07/14 0:00,478000,3,2.25,1640,3896,2,0,0,3,1640,0,1994,0,4235 250th Pl SE,Issaquah,WA 98029,USA
01/07/14 0:00,260000,2,1,770,7906,1,0,0,4,770,0,1948,0,834 NE 189th St,Shoreline,WA 98155,USA
01/07/14 0:00,850000,4,3.25,4350,112750,1,0,0,3,2200,2150,2006,0,6407 282nd Ave SE,Issaquah,WA 98027,USA
01/07/14 0:00,616000,4,1.75,1700,5846,1,0,0,3,1700,0,1957,2000,4003 W Emerson St,Seattle,WA 98199,USA
01/07/14 0:00,540000,3,1.75,2050,9580,1,0,0,3,1400,650,1984,0,22607 NE 14th Dr,Sammamish,WA 98074,USA
01/07/14 0:00,300000,3,2.25,1660,5128,2,0,0,3,1660,0,2001,0,278th Ave NE,Duvall,WA 98019,USA
01/07/14 0:00,507500,3,1.75,1990,9594,1,0,0,3,1190,800,1977,2004,15311 NE 62nd Ct,Redmond,WA 98052,USA
01/07/14 0:00,3800000,5,5.5,7050,42840,1,0,2,4,4320,2730,1978,2000,1365 91st Ave NE,Clyde Hill,WA 98004,USA
01/07/14 0:00,241000,3,2,1770,7000,1,0,0,3,1770,0,1986,0,30027 58th Pl S,Auburn,WA 98001,USA
01/07/14 0:00,485000,3,2.25,2440,47916,2,0,0,3,2090,350,1991,0,3036 E Ames Lake Dr NE,Redmond,WA 98053,USA
01/07/14 0:00,695000,3,2.5,2620,51354,2,0,0,3,2620,0,1998,2006,23337 NE 138th Way,Woodinville,WA 98077,USA
01/07/14 0:00,548000,4,2.5,2440,11005,2,0,0,3,2440,0,1994,0,12219 SE 80th Way,Newcastle,WA 98056,USA
01/07/14 0:00,345000,2,1,1080,7775,1,0,0,3,1080,0,1955,2005,6439 Marshall Ave SW,Seattle,WA 98136,USA
01/07/14 0:00,280000,3,1,1090,10710,1,0,0,4,1090,0,1962,0,1048 Redmond Ave NE,Renton,WA 98056,USA
01/07/14 0:00,450000,3,1.75,1400,13775,1,0,0,3,1400,0,1963,2008,6217 NE 156th St,Kenmore,WA 98028,USA
01/07/14 0:00,515000,3,2.5,2010,7200,2,0,0,3,2010,0,1994,0,8818 NE 150th St,Kenmore,WA 98028,USA
01/07/14 0:00,1014250,3,1,1640,12855,1.5,0,0,5,1500,140,1920,0,720 96th Ave NE,Bellevue,WA 98004,USA
01/07/14 0:00,739900,5,2.5,3290,5029,2,0,0,3,3290,0,2004,2003,3602 212th Pl SE,Sammamish,WA 98075,USA
01/07/14 0:00,600000,2,2.5,2510,14878,2,0,0,3,2510,0,1990,2009,17221 102nd Ave NE,Bothell,WA 98011,USA
01/07/14 0:00,370000,2,1,860,6050,1,0,0,3,860,0,1952,2008,3818 53rd Ave SW,Seattle,WA 98116,USA
01/07/14 0:00,729032,4,2.5,2840,12866,1,0,0,4,1780,1060,1977,0,3200 130th Ave NE,Bellevue,WA 98005,USA
01/07/14 0:00,510000,3,1.75,1750,7020,2,0,0,3,1750,0,1934,1978,30734 229th Pl SE,Black Diamond,WA 98010,USA
01/07/14 0:00,425000,3,1.5,1300,19163,1,0,0,3,1300,0,1964,2000,14011 NE 71st Pl,Redmond,WA 98052,USA
01/07/14 0:00,1080000,3,2.75,3890,7216,2,0,1,3,3260,630,1967,2010,5226 S Morgan St,Seattle,WA 98118,USA
01/07/14 0:00,337000,3,2.25,1460,941,3,0,0,3,1460,0,2006,0,11707 Greenwood Ave N,Seattle,WA 98133,USA
01/07/14 0:00,563000,4,1,1410,3376,1.5,0,0,5,1410,0,1911,1984,621 NW 44th St,Seattle,WA 98107,USA
01/07/14 0:00,1695000,4,2.75,3770,10900,2,0,2,5,3070,700,1924,1956,3333 S Plum St,Seattle,WA 98144,USA
01/07/14 0:00,245000,3,2,1190,4072,1.5,0,0,5,1190,0,1907,0,8301-8399 47th Ave S,Seattle,WA 98118,USA
01/07/14 0:00,590000,3,2,1410,6413,1,0,0,4,910,500,1947,1988,7264 27th Ave NE,Seattle,WA 98115,USA
01/07/14 0:00,695000,3,2,2500,4080,1.5,0,0,5,1680,820,1922,1956,922 N 72nd St,Seattle,WA 98103,USA
01/07/14 0:00,402500,2,1,800,2280,1,0,0,5,800,0,1946,0,4235 4th Ave NW,Seattle,WA 98107,USA
01/07/14 0:00,435000,3,2.5,2530,13446,2,0,0,3,2530,0,1993,0,28219 NE 149th Pl,Duvall,WA 98019,USA
01/07/14 0:00,660000,3,2,2570,28500,1,0,0,3,1970,600,1983,2009,15031 NE 144th St,Redmond,WA 98052,USA
01/07/14 0:00,300000,3,2.75,2090,9620,1,0,0,3,1340,750,1987,2000,36529 2nd Ave SW,Federal Way,WA 98023,USA
01/07/14 0:00,600000,5,2.25,2980,7781,1,0,0,3,1580,1400,1960,2012,4531 NE 106th St,Seattle,WA 98125,USA
01/07/14 0:00,205000,3,1.75,1170,8239,1,0,0,3,1170,0,1981,2013,26118 189th Ct SE,Covington,WA 98042,USA
01/07/14 0:00,357500,3,3.5,2080,5100,2,0,0,3,2080,0,2004,2003,28121 Maple Ridge Way SE,Maple Valley,WA 98038,USA
01/07/14 0:00,1110000,5,3.25,3350,4000,2,0,0,4,2510,840,1997,0,4776 34th Ave NE,Seattle,WA 98105,USA
01/07/14 0:00,332888,2,2.5,1050,1029,2,0,0,3,950,100,2007,0,101-115 26th Ave,Seattle,WA 98122,USA
01/07/14 0:00,174000,2,1,900,13531,1,0,0,3,900,0,1979,2014,102-1/2 5th Ave SW,Pacific,WA 98047,USA
01/07/14 0:00,515000,2,1,1050,5000,1,0,0,5,1050,0,1907,0,5609 9th Ave NW,Seattle,WA 98107,USA
01/07/14 0:00,392000,5,2.25,3740,32481,1.5,0,0,3,2240,1500,1958,2004,22835 16th Ave S,Des Moines,WA 98198,USA
01/07/14 0:00,485000,4,1.75,1430,4096,2,0,0,3,1430,0,1900,2005,216 20th Ave,Seattle,WA 98122,USA
01/07/14 0:00,217500,3,1.75,1400,9546,1,0,0,4,1400,0,1984,0,230 S 317th Pl,Federal Way,WA 98003,USA
01/07/14 0:00,502000,3,2.25,1600,45613,2,0,0,4,1600,0,1983,0,17120 166th Pl NE,Woodinville,WA 98072,USA
01/07/14 0:00,820000,3,2.25,2880,9750,2,0,0,3,2880,0,1989,0,16614 SE 50th Pl,Bellevue,WA 98006,USA
01/07/14 0:00,1640000,3,3.25,3140,5445,2,0,3,4,2240,900,1913,0,471 Wheeler St,Seattle,WA 98109,USA
01/07/14 0:00,102500,2,1,820,4320,1,0,0,3,820,0,1937,1999,9852 20th Ave SW,Seattle,WA 98106,USA
01/07/14 0:00,925000,5,5.5,5190,12637,2,0,2,3,5190,0,2001,0,6525 Cascade Ave SE,Snoqualmie,WA 98065,USA
01/07/14 0:00,540000,4,2.5,2180,10140,1,0,0,4,1180,1000,1968,0,9003 172nd Ave NE,Redmond,WA 98052,USA
01/07/14 0:00,600000,2,1,910,2002,1.5,0,0,3,910,0,1900,2005,100 20th Ave E,Seattle,WA 98112,USA
01/07/14 0:00,406000,4,1,1580,8475,1.5,0,2,4,1580,0,1928,0,10041 64th Ave S,Seattle,WA 98178,USA
01/07/14 0:00,620000,4,3,2130,6325,1,0,0,5,1440,690,1948,1985,4002 50th Ave SW,Seattle,WA 98116,USA
01/07/14 0:00,1060000,4,2.5,4570,16015,2,0,2,3,4570,0,1990,2009,1630 204th Pl NE,Sammamish,WA 98074,USA
01/07/14 0:00,401000,3,2,1240,11172,1,0,0,3,1000,240,1984,0,3027 230th Pl NE,Sammamish,WA 98074,USA
01/07/14 0:00,725000,3,1.75,1860,6000,2,0,2,4,1860,0,1959,0,3450 S King St,Seattle,WA 98144,USA
01/07/14 0:00,276000,1,0.75,370,1801,1,0,0,5,370,0,1923,0,2508 NW 67th St,Seattle,WA 98117,USA
01/07/14 0:00,500000,5,3.25,3130,12087,2,0,0,3,2180,950,1975,0,265 Almak Ct NW,Issaquah,WA 98027,USA
01/07/14 0:00,375000,3,1.75,2530,35150,1,0,0,4,1800,730,1977,0,16621 SE 235th St,Kent,WA 98042,USA
01/07/14 0:00,2300000,4,4.75,3970,9778,2,0,2,4,3390,580,1928,0,1323 Willard Ave W,Seattle,WA 98119,USA
01/07/14 0:00,260000,3,2.25,1920,9680,1,0,0,4,1300,620,1961,2001,10904 SE 212th St,Kent,WA 98031,USA
01/07/14 0:00,1565000,4,2.75,2970,12750,1.5,0,1,4,2130,840,1918,1986,9563 NE 1st St,Bellevue,WA 98004,USA
01/07/14 0:00,431000,4,2.5,2300,6087,2,0,0,3,2300,0,2001,0,2309 Aberdeen Ave NE,Renton,WA 98056,USA
01/07/14 0:00,321000,4,2.5,1830,9601,2,0,0,3,1830,0,2003,0,27619 245th Ave SE,Maple Valley,WA 98038,USA
01/07/14 0:00,433000,4,1.5,1550,5053,1,0,0,4,1180,370,1963,0,4702 S Juneau St,Seattle,WA 98118,USA
01/07/14 0:00,920000,4,3.5,4080,10666,2,0,0,3,4080,0,2005,0,8950 237th Pl NE,Redmond,WA 98053,USA
01/07/14 0:00,482000,3,2.25,1710,21485,2,0,0,3,1710,0,1989,0,1022 215th Ave NE,Sammamish,WA 98074,USA
01/07/14 0:00,712000,3,2.5,2375,4094,2,0,0,3,2375,0,2002,0,6248 189th Pl NE,Redmond,WA 98052,USA
01/07/14 0:00,505000,4,2.75,2200,9778,1,0,0,4,1100,1100,1962,0,12241 SE 62nd St,Bellevue,WA 98006,USA
01/07/14 0:00,2367000,3,2.25,3530,17450,1,1,3,3,1840,1690,1930,1993,7436 E Mercer Way,Mercer Island,WA 98040,USA
01/07/14 0:00,452000,3,1.75,1110,9012,1,0,0,4,1110,0,1966,0,5321-5327 156th Dr NE,Redmond,WA 98052,USA
01/07/14 0:00,581000,4,1,1630,2566,1.5,0,0,3,1630,0,1921,2000,1819-1827 25th Ave,Seattle,WA 98122,USA
01/07/14 0:00,952500,4,1.5,2550,5055,2,0,0,4,2550,0,1910,0,1901 25th Ave E,Seattle,WA 98112,USA
01/07/14 0:00,808000,4,2.25,2500,8866,2,0,0,4,2500,0,1987,0,14586 NE 58th St,Bellevue,WA 98007,USA
01/07/14 0:00,476000,4,3,2890,6885,1,0,0,3,1590,1300,1945,2013,6516 43rd Ave NE,Seattle,WA 98115,USA
01/07/14 0:00,535000,4,1.75,1420,5000,1.5,0,0,4,1420,0,1945,0,3027 NW 67th St,Seattle,WA 98117,USA
01/07/14 0:00,1356925,4,3.5,4270,5800,2,0,3,5,3170,1100,1937,0,3017 42nd Ave W,Seattle,WA 98199,USA
01/07/14 0:00,629800,3,2.5,2390,1984,2,0,0,3,2220,170,2008,0,329 NE Eagle Way,Issaquah,WA 98029,USA
01/07/14 0:00,417838,4,2.5,2530,5048,2,0,0,3,2530,0,2014,0,27416 208th Ave SE,Maple Valley,WA 98038,USA
01/07/14 0:00,399895,4,2.5,2701,4500,2,0,0,3,2701,0,2014,0,5535 Elaine Ave SE,Auburn,WA 98092,USA
01/07/14 0:00,825000,4,2.75,3990,6637,2,0,0,3,3990,0,2003,0,9342 221st PI NE,Redmond,WA 98053,USA
01/07/14 0:00,300000,4,2.5,2303,3826,2,0,0,3,2303,0,2006,0,13328 SE 308 Ct,Auburn,WA 98092,USA
01/07/14 0:00,640000,2,2.25,1540,965,3,0,0,3,1540,0,2007,0,1816 11th Ave,Seattle,WA 98122,USA
01/07/14 0:00,460000,3,2.5,1450,1053,2,0,0,3,940,510,2008,0,1406B NW 64th St,Seattle,WA 98107,USA
01/07/14 0:00,525000,2,2.5,1160,1458,2,0,0,3,1040,120,2012,1912,2067 Gilman Dr W,Seattle,WA 98119,USA
01/07/14 0:00,499990,4,2.75,2910,6334,2,0,0,3,2910,0,2013,1923,1141 SE 11th St,North Bend,WA 98045,USA
01/07/14 0:00,1020000,4,3.5,3770,8501,2,0,0,3,3770,0,2008,0,104 6th St S,Kirkland,WA 98033,USA
02/07/14 0:00,675000,5,2.25,2900,10300,1,0,0,3,1450,1450,1985,0,14301-14399 SE 63rd St,Bellevue,WA 98006,USA
02/07/14 0:00,512031,3,1.75,1540,3000,1,0,2,3,770,770,1920,1979,6528 3rd Ave NW,Seattle,WA 98117,USA
02/07/14 0:00,310000,2,1,700,3000,1,0,0,4,700,0,1918,1974,929 N 77th St,Seattle,WA 98103,USA
02/07/14 0:00,1075000,3,2.5,3280,10302,1,0,0,3,1680,1600,1970,2014,3842 NE 92nd St,Seattle,WA 98115,USA
02/07/14 0:00,255000,4,2,2430,8960,1,0,0,3,1430,1000,1960,2012,8019 S 117th St,Seattle,WA 98178,USA
02/07/14 0:00,435000,3,2.5,1900,7984,2,0,0,3,1900,0,1993,0,Tolt Pipeline Trail,Bothell,WA 98011,USA
02/07/14 0:00,453000,3,2,1660,15050,1,0,0,3,1260,400,1983,2009,13417 110th Pl NE,Kirkland,WA 98034,USA
02/07/14 0:00,260000,4,2,1620,7992,2,0,0,4,1620,0,1975,0,23109 125th Ave SE,Kent,WA 98031,USA
02/07/14 0:00,659000,4,2,2090,10800,1,0,0,4,2090,0,1951,1999,3738 86th Ave SE,Mercer Island,WA 98040,USA
02/07/14 0:00,223000,3,2,1110,7231,1,0,0,4,1110,0,1991,0,22124 112th Pl SE,Kent,WA 98031,USA
02/07/14 0:00,851000,5,3.25,3760,9792,2,0,0,3,2550,1210,1984,0,4412 170th Ave SE,Bellevue,WA 98006,USA
02/07/14 0:00,605000,3,2.25,2080,12134,1,0,0,4,1530,550,1973,0,2408 178th Ave NE,Redmond,WA 98052,USA
02/07/14 0:00,895000,4,2.25,1950,5950,1,0,0,3,1330,620,1947,2012,2220 5th Ave N,Seattle,WA 98109,USA
02/07/14 0:00,519000,5,2.25,2570,13054,1,0,1,3,1470,1100,1950,1992,1316 SW 172nd St,Normandy Park,WA 98166,USA
02/07/14 0:00,535000,3,1.75,2330,12141,1,0,0,3,1390,940,1983,2009,14506 NE 184th Pl,Woodinville,WA 98072,USA
02/07/14 0:00,489000,3,3,3700,10375,2,0,0,3,3700,0,1982,0,3309 S 194th St,SeaTac,WA 98188,USA
02/07/14 0:00,250000,3,2.25,1920,7738,1,0,0,3,1520,400,1965,1993,249 S 163rd Pl,Burien,WA 98148,USA
02/07/14 0:00,580000,3,2.25,1900,3960,1.5,0,0,3,1200,700,1905,2010,1121 27th Ave,Seattle,WA 98122,USA
02/07/14 0:00,1038000,4,1.75,1440,13296,1,0,0,4,1440,0,1967,0,10208 NE 26th St,Bellevue,WA 98004,USA
02/07/14 0:00,605000,4,2.25,2940,48788,1,0,0,5,1520,1420,1961,0,15611 72nd Ave NE,Kenmore,WA 98028,USA
02/07/14 0:00,599950,4,3.5,2500,3080,2,0,0,3,1810,690,2008,0,7928 150th Ct NE,Redmond,WA 98052,USA
02/07/14 0:00,700000,3,2.5,2490,23891,2,0,0,3,2490,0,1993,0,23203 NE 78th Way,Redmond,WA 98053,USA
02/07/14 0:00,480000,3,2,1470,10052,1,0,0,4,1470,0,1956,0,13341 12th Ave NE,Seattle,WA 98125,USA
02/07/14 0:00,329950,4,2.5,2120,4558,2,0,0,3,2120,0,2002,0,23834 SE 248th Pl,Maple Valley,WA 98038,USA
02/07/14 0:00,250000,3,1.75,1200,24805,1,0,0,3,1200,0,1984,0,10858 SE 200th St,Kent,WA 98031,USA
02/07/14 0:00,345000,5,2.5,2450,6994,2,0,0,3,2450,0,2002,0,11207 SE 272nd Pl,Kent,WA 98030,USA
02/07/14 0:00,175000,4,2.5,1780,6000,2,0,0,3,1780,0,1991,0,2401-2499 S 244th St,Des Moines,WA 98198,USA
02/07/14 0:00,185000,5,1,1590,6700,1.5,0,0,3,1090,500,1942,1999,10626 12th Ave SW,Seattle,WA 98146,USA
02/07/14 0:00,411000,4,2,2370,76665,2,0,0,4,2370,0,1978,2000,35516 44th Ave S,Auburn,WA 98001,USA
02/07/14 0:00,690000,3,1.5,1760,4000,2,0,0,3,1760,0,1922,2008,2314 10th Ave E,Seattle,WA 98102,USA
02/07/14 0:00,265000,4,3,1940,8170,1,0,0,4,1940,0,1948,0,15022 25th Ave NE,Shoreline,WA 98155,USA
02/07/14 0:00,720000,4,3,3550,12327,1.5,0,0,4,2180,1370,1990,0,17325 102nd Ave NE,Bothell,WA 98011,USA
02/07/14 0:00,256000,4,2.5,2050,5787,2,0,0,3,2050,0,2002,0,1327 S 277th Pl,Des Moines,WA 98198,USA
02/07/14 0:00,255000,4,2.25,1680,3179,2,0,0,3,1680,0,2002,0,11631 SE 308th Pl,Auburn,WA 98092,USA
02/07/14 0:00,540000,3,2.25,1320,1800,2,0,0,3,1320,0,1994,0,3404 E Cherry St,Seattle,WA 98122,USA
02/07/14 0:00,481015,3,2.25,1550,5511,2,0,0,3,1550,0,1987,2000,10600-10650 117th Pl NE,Kirkland,WA 98033,USA
02/07/14 0:00,575000,3,1.75,2680,8625,1,0,0,5,1590,1090,1974,0,100 Mt Si Pl NW,Issaquah,WA 98027,USA
02/07/14 0:00,339950,3,2.5,2390,34041,1,0,0,3,1840,550,1984,0,27622 195th Ave SE,Kent,WA 98042,USA
02/07/14 0:00,475000,4,2.5,2040,7260,2,0,0,4,2040,0,1963,0,15320 Corliss Pl N,Shoreline,WA 98133,USA
02/07/14 0:00,732000,3,3.75,2670,6517,2.5,0,4,4,2020,650,1977,0,3741 Belvidere Ave SW,Seattle,WA 98126,USA
02/07/14 0:00,860000,4,1.75,1880,3720,1.5,0,0,4,1880,0,1924,0,15 Raye St,Seattle,WA 98109,USA
02/07/14 0:00,389000,4,1.75,2400,7700,1.5,0,0,4,1500,900,1927,0,2148 N 115th St,Seattle,WA 98133,USA
02/07/14 0:00,645000,3,1.75,2270,11472,1,0,0,4,1370,900,1956,0,10514 14th Ave NW,Seattle,WA 98177,USA
02/07/14 0:00,475000,4,2.5,1850,5444,2,0,0,5,1850,0,1981,0,13617 135th Ave NE,Kirkland,WA 98034,USA
02/07/14 0:00,550000,4,2.75,2160,5005,1,0,0,3,1430,730,1987,2000,9417 25th Ave NE,Seattle,WA 98115,USA
02/07/14 0:00,305000,2,1,2160,12960,1,0,0,3,1360,800,1968,1997,14717 58th Ave S,Tukwila,WA 98168,USA
02/07/14 0:00,782000,2,1.5,1570,3600,1.5,0,2,4,1320,250,1906,1990,1922 5th Ave W,Seattle,WA 98119,USA
02/07/14 0:00,545000,3,2,1340,7200,1.5,0,0,4,1340,0,1923,0,4714 54th Ave S,Seattle,WA 98118,USA
02/07/14 0:00,394500,4,2.5,3002,6042,2,0,0,3,3002,0,2004,2003,11619 SE 200th St,Kent,WA 98031,USA
02/07/14 0:00,600000,5,2,2190,9072,1,0,0,5,1110,1080,1965,0,14314 NE 72nd St,Redmond,WA 98052,USA
02/07/14 0:00,1300000,4,1.75,2610,21600,1,0,0,4,2610,0,1966,0,1509 85th Ave NE,Clyde Hill,WA 98004,USA
02/07/14 0:00,300000,2,1,1010,11919,1,0,0,3,1010,0,1947,2012,16036 6th Ave NE,Shoreline,WA 98155,USA
02/07/14 0:00,330000,4,2.5,2105,6093,2,0,0,3,2105,0,2003,0,27631-27699 145th Pl SE,Kent,WA 98042,USA
02/07/14 0:00,723000,4,2.25,2430,4748,1.5,0,0,3,1630,800,1928,1954,1503 45th Ave SW,Seattle,WA 98116,USA
02/07/14 0:00,2271150,4,3.25,4040,18916,1,0,0,4,4040,0,1954,1979,7623 Overlake Dr W,Medina,WA 98039,USA
02/07/14 0:00,480000,5,2.5,2160,7737,2,0,0,3,2160,0,1998,2006,7001 Autumn Ave SE,Snoqualmie,WA 98065,USA
02/07/14 0:00,496000,2,1,900,9260,1,0,0,3,900,0,1946,0,219 NW 56th St,Seattle,WA 98107,USA
02/07/14 0:00,625000,3,3,1820,1641,3,0,0,3,1540,280,2006,0,10 W Etruria St,Seattle,WA 98119,USA
02/07/14 0:00,475000,4,2,2100,13468,1,0,0,5,1050,1050,1962,0,11719 33rd Pl NE,Seattle,WA 98125,USA
02/07/14 0:00,275250,3,2.25,1520,7199,2,0,0,4,1520,0,1992,0,23017 SE 281st Ct,Maple Valley,WA 98038,USA
02/07/14 0:00,253000,2,1,1310,7128,1,0,0,4,940,370,1980,0,11414 SE 230th Pl,Kent,WA 98031,USA
02/07/14 0:00,630000,4,2.5,2190,9880,1,0,0,4,1410,780,1979,0,11607 NE 103rd Pl,Kirkland,WA 98033,USA
02/07/14 0:00,660500,5,2.5,2950,5500,1.5,0,0,5,1720,1230,1918,0,2739 31st Ave S,Seattle,WA 98144,USA
02/07/14 0:00,262000,5,1,1870,7800,1,0,0,3,1580,290,1962,2003,903 S 101st St,Seattle,WA 98168,USA
02/07/14 0:00,2147500,3,3.5,4660,5500,2,0,4,5,3040,1620,1909,1988,2826 10th Ave E,Seattle,WA 98102,USA
02/07/14 0:00,552000,3,2.5,1840,9900,1,0,0,3,1840,0,1978,0,300 142nd Ave NE,Bellevue,WA 98007,USA
02/07/14 0:00,1411600,2,2.5,3180,9400,2,0,4,5,2610,570,1985,0,4631 Somerset Ave SE,Bellevue,WA 98006,USA
02/07/14 0:00,736000,2,1,1500,4000,1,0,0,3,1100,400,1933,0,2401-2599 Lorentz Pl N,Seattle,WA 98109,USA
02/07/14 0:00,355000,3,1.75,1730,7416,1.5,0,0,3,1730,0,1954,2005,18010 N Park Pl N,Shoreline,WA 98133,USA
02/07/14 0:00,305000,3,1,1580,7424,1,0,0,3,1010,570,1962,2003,12633 SE 158th St,Renton,WA 98058,USA
02/07/14 0:00,484998,4,2.5,1540,1870,2,0,0,3,1540,0,2014,0,2520 Mulberry Walk NE,Issaquah,WA 98029,USA
02/07/14 0:00,1054690,4,3.5,3390,3979,2,0,0,3,2610,780,2014,0,3906 W Briarcliff Ln,Seattle,WA 98199,USA
02/07/14 0:00,334500,2,1.5,830,1858,2,0,0,3,830,0,2005,0,2300 14th Ave S,Seattle,WA 98144,USA
02/07/14 0:00,475000,4,2.75,2620,6178,2,0,0,3,2620,0,2013,1923,996 SE 12th St,North Bend,WA 98045,USA
02/07/14 0:00,309780,3,2.5,2242,4500,2,0,0,3,2242,0,2014,0,Bennett Ave SE,Auburn,WA 98092,USA
02/07/14 0:00,795000,4,2.5,2890,7798,2,0,0,3,2890,0,2005,0,15941 SE Cougar Mountain Way,Bellevue,WA 98006,USA
02/07/14 0:00,274500,3,2.25,1450,4050,2,0,0,3,1450,0,2010,0,26133 242nd Ave SE,Maple Valley,WA 98038,USA
02/07/14 0:00,265050,2,1.5,800,2119,2,0,0,3,800,0,2008,0,5257 23rd Ave SW,Seattle,WA 98106,USA
02/07/14 0:00,567500,3,2.5,2280,2502,2,0,0,3,1880,400,2006,0,561 Mountain View Ln NW,Issaquah,WA 98027,USA
02/07/14 0:00,915000,3,4.5,3850,62726,2,0,0,3,3120,730,2013,1923,21101-21199 NE 78th St,Redmond,WA 98053,USA
03/07/14 0:00,285000,5,2.5,2270,6300,2,0,0,3,2270,0,1995,0,12840 SE 307th Pl,Auburn,WA 98092,USA
03/07/14 0:00,445838,3,2.5,2250,5692,2,0,0,3,2250,0,2000,0,10010 37th Ave SW,Seattle,WA 98146,USA
03/07/14 0:00,304900,4,1.75,2600,11325,1,0,0,4,1610,990,1969,0,23030 100th Ave SE,Kent,WA 98031,USA
03/07/14 0:00,940000,4,2,2490,9525,2,0,0,5,2490,0,1968,0,4558 91st Ave SE,Mercer Island,WA 98040,USA
03/07/14 0:00,1127000,4,2.5,3160,8281,2,0,0,4,3160,0,1995,0,709 7th St S,Kirkland,WA 98033,USA
03/07/14 0:00,835000,4,4.25,4930,25714,2,0,0,3,4930,0,2005,0,32805 145th Pl SE,Auburn,WA 98092,USA
03/07/14 0:00,290000,3,1,1440,11250,1,0,0,3,1440,0,1967,2011,1901 Shattuck Ave S,Renton,WA 98055,USA
03/07/14 0:00,250000,3,1.75,1770,8868,1,0,0,4,1770,0,1959,0,1201-1215 O St NE,Auburn,WA 98002,USA
03/07/14 0:00,342000,4,2.5,2300,6448,2,0,0,3,2300,0,2001,0,24612 102nd Pl SE,Kent,WA 98030,USA
03/07/14 0:00,1012000,4,2.5,2980,16263,2,0,0,3,2980,0,1989,0,6410 141st Ave SE,Bellevue,WA 98006,USA
03/07/14 0:00,400000,4,2.25,2230,7200,1,0,0,4,1300,930,1963,0,2357 N 187th St,Shoreline,WA 98133,USA
03/07/14 0:00,312500,3,1.75,1830,7969,1,0,0,3,930,900,1950,2008,306 S 15th St,Renton,WA 98055,USA
03/07/14 0:00,267000,3,1,1740,10875,1,0,0,4,1020,720,1962,0,4035 S 150th St,Tukwila,WA 98188,USA
03/07/14 0:00,575000,3,1.75,1530,6743,1,0,0,3,1410,120,1955,2005,4931 SW Forney St,Seattle,WA 98116,USA
03/07/14 0:00,810000,3,1.5,1520,9041,1,0,0,4,1520,0,1954,1979,9530 NE 5th St,Bellevue,WA 98004,USA
03/07/14 0:00,850000,3,2.5,3230,5000,2,0,2,5,2430,800,1945,0,2431 NW Neptune Pl,Seattle,WA 98117,USA
03/07/14 0:00,1015000,3,3.25,3620,4000,2,0,0,3,2730,890,2005,0,3505 W McGraw St,Seattle,WA 98199,USA
03/07/14 0:00,1100000,4,3.75,5070,60123,2,0,0,3,5070,0,2000,0,5725 251st Ct NE,Redmond,WA 98053,USA
03/07/14 0:00,240000,3,1.75,1570,8750,1,0,0,3,1570,0,1960,2012,17820 1st Avenue South,Burien,WA 98148,USA
03/07/14 0:00,198000,4,1.75,2080,7200,1,0,0,4,1050,1030,1966,0,4114 S 294th St,Auburn,WA 98001,USA
03/07/14 0:00,565000,4,2.5,2230,8624,1,0,0,4,1430,800,1969,0,14021 NE 62nd St,Redmond,WA 98052,USA
03/07/14 0:00,1195000,5,3,3420,18129,2,0,0,3,2540,880,1952,2005,7657-7801 E Mercer Way,Mercer Island,WA 98040,USA
03/07/14 0:00,340000,8,2.75,2790,6695,1,0,0,3,1470,1320,1977,2004,17512 Corliss Ave N,Shoreline,WA 98133,USA
03/07/14 0:00,815000,4,2.5,3150,4203,2,0,0,3,3150,0,2002,0,9714 132nd Ave NE,Kirkland,WA 98033,USA
03/07/14 0:00,1875000,4,3.25,3930,10929,2,0,0,3,3930,0,2006,0,10924 NE 18th Pl,Bellevue,WA 98004,USA
03/07/14 0:00,588000,5,3,2190,4900,2,0,0,5,1490,700,1940,0,8314 Jones Ave NW,Seattle,WA 98117,USA
03/07/14 0:00,280500,4,2.5,1890,6962,2,0,0,3,1890,0,1997,0,30021 114th Way SE,Auburn,WA 98092,USA
03/07/14 0:00,390000,4,2,1900,76877,1,0,0,3,1900,0,2004,2003,17116 SE Covington Sawyer Rd,Kent,WA 98042,USA
03/07/14 0:00,509000,2,1.5,1930,3521,2,0,0,3,1930,0,1989,0,78 145th Pl SE,Bellevue,WA 98007,USA
03/07/14 0:00,490600,3,2.5,3316,11447,2,0,0,3,3316,0,1986,0,33247-33248 2nd Pl SW,Federal Way,WA 98023,USA
03/07/14 0:00,650000,3,1.5,1380,4500,1,0,0,5,1380,0,1960,0,2719 63rd Ave SE,Mercer Island,WA 98040,USA
03/07/14 0:00,715000,3,4,2080,2250,3,0,4,3,2080,0,1997,0,4326 Greenwood Ave N,Seattle,WA 98103,USA
03/07/14 0:00,529950,3,1,1240,5000,1.5,0,0,5,1240,0,1909,1988,820 NW 64th St,Seattle,WA 98107,USA
03/07/14 0:00,265000,3,1,1020,8610,1,0,0,5,1020,0,1959,0,3704 NE 9th Ct,Renton,WA 98056,USA
03/07/14 0:00,1755000,3,2,2360,4800,2,0,0,3,2360,0,1909,2014,1242 15th Ave E,Seattle,WA 98112,USA
03/07/14 0:00,1140000,3,2.5,2780,33503,1.5,0,1,4,2110,670,1969,0,2800-2998 194th Ave SE,Sammamish,WA 98075,USA
03/07/14 0:00,610000,3,2,2300,13418,1,0,0,3,1430,870,1955,2005,335-345 105th Ave SE,Bellevue,WA 98004,USA
03/07/14 0:00,554729,4,2.5,2020,4350,2,0,0,5,1730,290,1943,0,4109 W Bertona St,Seattle,WA 98199,USA
03/07/14 0:00,395000,5,1.75,1840,10453,1,0,2,3,1360,480,1948,1994,2716 SW 170th St,Burien,WA 98166,USA
03/07/14 0:00,341000,3,1,1390,4814,1.5,0,0,3,1390,0,1908,1988,8116 8th Ave NE,Seattle,WA 98115,USA
03/07/14 0:00,264500,4,2.25,2060,11385,1,0,0,4,1200,860,1962,0,2152 SW 323rd St,Federal Way,WA 98023,USA
03/07/14 0:00,395000,4,2.75,2640,35070,1.5,0,0,3,2640,0,1963,2008,19803 121st Ave SE,Kent,WA 98031,USA
03/07/14 0:00,640000,3,2.25,1980,10115,1,0,0,3,1980,0,1959,1989,3060 124th Ave NE,Bellevue,WA 98005,USA
03/07/14 0:00,430000,3,1.5,1810,5080,1,0,0,3,1030,780,1958,2004,7321 39th Ave NE,Seattle,WA 98115,USA
03/07/14 0:00,410000,4,2.5,1700,9000,1,0,0,5,1700,0,1972,0,14214 81st Ave NE,Kirkland,WA 98034,USA
03/07/14 0:00,220000,4,1,1200,6000,1.5,0,0,3,1200,0,1923,1998,7943 13th Ave SW,Seattle,WA 98106,USA
03/07/14 0:00,1625000,4,3.25,2980,3600,2,0,0,3,2150,830,1999,0,1820 38th Ave E,Seattle,WA 98112,USA
03/07/14 0:00,405500,2,2.75,1350,1252,2,0,0,3,1120,230,2006,0,9126 45th Ave SW,Seattle,WA 98136,USA
03/07/14 0:00,633000,4,2.5,2360,10000,1,0,3,3,1980,380,1977,2004,3323-3325 33rd Ave SW,Seattle,WA 98126,USA
03/07/14 0:00,295950,2,1,1190,6200,1,0,0,3,1190,0,1948,1994,1610 N 185th St,Shoreline,WA 98133,USA
03/07/14 0:00,1042031,4,5,4110,43560,2,0,0,4,4110,0,1978,2000,2808 120th Ave NE,Bellevue,WA 98005,USA
03/07/14 0:00,605000,4,2.5,2800,10786,1,0,0,3,1420,1380,1970,2014,16674 SE 17th St,Bellevue,WA 98008,USA
03/07/14 0:00,255000,2,1.5,920,1598,2,0,0,3,920,0,1995,0,10740 Stone Ave N,Seattle,WA 98133,USA
03/07/14 0:00,474000,3,1.75,1530,8000,2,0,0,3,1530,0,1978,0,10828 157th Ave NE,Redmond,WA 98052,USA
03/07/14 0:00,370000,2,1,860,5040,1,0,0,3,860,0,1956,2001,9257 7th Ave NW,Seattle,WA 98117,USA
03/07/14 0:00,288000,3,2.5,1520,3593,2,0,0,3,1520,0,2004,2003,22412 SE 243rd St,Maple Valley,WA 98038,USA
03/07/14 0:00,100000,2,0.75,660,5240,1,0,0,4,660,0,1912,1989,749 1st Ave N,Kent,WA 98032,USA
03/07/14 0:00,1150000,5,2.5,3580,8921,2,0,0,3,3580,0,2000,0,409 20th Ave,Kirkland,WA 98033,USA
03/07/14 0:00,600000,5,2.25,3000,13899,2,0,0,4,3000,0,1975,0,17612 NE 30th Pl,Redmond,WA 98052,USA
03/07/14 0:00,515000,5,3.25,2740,9629,1,0,0,5,1390,1350,1977,0,10723 NE 189th St,Bothell,WA 98011,USA
03/07/14 0:00,345000,4,2.5,2040,5523,2,0,0,3,2040,0,1999,0,455 S 190th St,Burien,WA 98148,USA
03/07/14 0:00,975000,6,2.75,2520,54160,2,1,4,3,2520,0,1954,2005,3405 SW Seola Ln,Seattle,WA 98146,USA
03/07/14 0:00,850000,3,2,2470,8800,2,0,0,3,2470,0,1961,2004,3914 88th Ave SE,Mercer Island,WA 98040,USA
03/07/14 0:00,439990,3,2.5,1930,1348,2,0,0,3,1300,630,2005,0,3433 21st Ave W,Seattle,WA 98199,USA
03/07/14 0:00,554950,3,2.5,2950,10254,2,0,0,3,2950,0,2006,0,409 Pasco Pl NE,Renton,WA 98059,USA
03/07/14 0:00,605000,3,2.5,2610,6405,2,0,0,3,2610,0,2001,0,7102 Curtis Dr SE,Snoqualmie,WA 98065,USA
03/07/14 0:00,609000,3,1.75,1630,1526,3,0,0,3,1630,0,2014,0,3644 Phinney Ave N,Seattle,WA 98103,USA
03/07/14 0:00,425000,3,1.5,1400,1022,3,0,0,3,1400,0,2007,0,1018 NE 96th St,Seattle,WA 98115,USA
03/07/14 0:00,399900,2,1.75,1410,1005,1.5,0,0,3,900,510,2011,0,932-968 NE High St,Issaquah,WA 98029,USA
03/07/14 0:00,1025000,4,3.5,4370,10860,2,0,0,3,4370,0,2008,0,5350 NE 16th St,Renton,WA 98059,USA
03/07/14 0:00,2351956,4,4.25,5010,19412,2,0,1,3,4000,1010,2014,0,6410 E Mercer Way,Mercer Island,WA 98040,USA
03/07/14 0:00,519995,4,3,2590,6160,2,0,0,3,2590,0,2014,0,14012 163rd Pl SE,Renton,WA 98059,USA
04/07/14 0:00,625000,3,1.5,1300,7200,1,0,0,5,1300,0,1960,0,619 9th Ave,Kirkland,WA 98033,USA
04/07/14 0:00,600000,3,2.5,2320,7609,2,0,0,3,2320,0,2003,0,769-821 Big Tree Dr NW,Issaquah,WA 98027,USA
05/07/14 0:00,1200000,4,2.5,2700,4275,2,0,0,3,2700,0,2004,2003,124 NE 60th St,Seattle,WA 98115,USA
05/07/14 0:00,1738000,4,2.25,2920,6513,2,0,0,4,2260,660,1937,0,1987 Shenandoah Dr E,Seattle,WA 98112,USA
05/07/14 0:00,671000,4,3,3130,5700,1.5,0,0,3,1750,1380,1953,0,4222 NE 72nd St,Seattle,WA 98115,USA
05/07/14 0:00,459500,3,1.75,1470,4950,1,0,0,3,1030,440,1984,0,14301 Wallingford Ave N,Seattle,WA 98133,USA
05/07/14 0:00,499000,3,2.5,1540,1326,3,0,0,3,1390,150,1995,0,2841 13th Ave W,Seattle,WA 98119,USA
06/07/14 0:00,1280000,4,2.5,3160,4620,1.5,0,4,3,2020,1140,1917,2005,1730 Walnut Ave SW,Seattle,WA 98116,USA
06/07/14 0:00,395000,3,1.75,1480,7700,1,0,0,3,1480,0,1975,0,13547 104th Pl NE,Kirkland,WA 98034,USA
07/07/14 0:00,861990,5,2.75,3595,5639,2,0,0,3,3595,0,2014,0,9622 242nd Way NE,Redmond,WA 98053,USA
07/07/14 0:00,382500,2,1,1190,4440,1,0,0,3,1190,0,1981,2013,3825 NE 117th St,Seattle,WA 98125,USA
07/07/14 0:00,404950,4,2.25,2340,217014,1,0,0,4,2340,0,1982,2011,19415 SE 342nd St,Auburn,WA 98092,USA
07/07/14 0:00,530000,3,1.75,1320,2500,1,0,0,3,870,450,1918,0,2108 NE 54th St,Seattle,WA 98105,USA
07/07/14 0:00,195000,2,1,1190,27007,1,0,0,4,1190,0,1910,0,205 SW Gibson Ln,Issaquah,WA 98027,USA
07/07/14 0:00,747500,4,2.25,2350,18600,2,0,0,4,2350,0,1977,0,16327 Inglewood Pl NE,Kenmore,WA 98028,USA
07/07/14 0:00,199990,3,1,1100,8560,1,0,0,3,1100,0,1961,2004,214 SW 305th St,Federal Way,WA 98023,USA
07/07/14 0:00,548800,4,1,1660,4704,1.5,0,0,3,1260,400,1930,1997,8612 8th Ave NE,Seattle,WA 98115,USA
07/07/14 0:00,870000,4,3,3040,36246,1.5,0,0,3,2680,360,1923,2014,200 E Lake Sammamish Pkwy NE,Sammamish,WA 98074,USA
07/07/14 0:00,588000,3,2,1860,4777,2,0,0,5,1860,0,1908,0,8222 16th Ave NE,Seattle,WA 98115,USA
07/07/14 0:00,775000,4,3.25,4100,241322,2,0,0,3,2500,1600,1981,2013,18096-18162 NE 143rd Pl,Woodinville,WA 98072,USA
07/07/14 0:00,670000,6,3,4050,36171,2,0,0,4,2620,1430,1970,0,14717 245th Ave SE,Issaquah,WA 98027,USA
07/07/14 0:00,445000,2,2,1240,2500,2,0,0,3,1240,0,1985,0,2847 NW 70th St,Seattle,WA 98117,USA
07/07/14 0:00,300000,4,3,2200,10800,1,0,0,3,2200,0,1960,2012,17237 129th Ave SE,Renton,WA 98058,USA
07/07/14 0:00,480000,3,2.25,1680,9090,1,0,0,4,1130,550,1959,0,305 158th Pl SE,Bellevue,WA 98008,USA
07/07/14 0:00,300000,3,1,930,5160,1.5,0,0,5,930,0,1919,1934,8631 17th Ave SW,Seattle,WA 98106,USA
07/07/14 0:00,360000,3,1.5,1800,22000,2,0,0,3,1800,0,1931,0,3714 S 128th St,Tukwila,WA 98168,USA
07/07/14 0:00,527000,6,3.5,3000,8401,1,0,0,3,1500,1500,1979,2014,12750 27th Ave NE,Seattle,WA 98125,USA
07/07/14 0:00,875000,3,1.5,1820,12686,1,0,0,4,1820,0,1952,0,2424 109th Ave SE,Bellevue,WA 98004,USA
07/07/14 0:00,266000,4,2.25,1995,7102,2,0,0,4,1995,0,1981,0,33724 27th Pl SW,Federal Way,WA 98023,USA
07/07/14 0:00,866000,4,3.25,3990,9786,2,0,0,3,3990,0,2004,2003,Nuthatch Trail,Redmond,WA 98053,USA
07/07/14 0:00,335950,2,1.5,800,5192,1,0,0,5,800,0,1951,0,10203 42nd Ave SW,Seattle,WA 98146,USA
07/07/14 0:00,215000,3,1,960,9563,1,0,0,5,960,0,1967,0,1625 SW 351st St,Federal Way,WA 98023,USA
07/07/14 0:00,481000,4,2.5,2286,8269,2,0,0,3,2286,0,2002,0,1831 NE 29th Ct,Renton,WA 98056,USA
07/07/14 0:00,320000,3,1.75,2220,11646,1,0,0,3,1270,950,1950,2005,5608 NE 204th St,Kenmore,WA 98028,USA
07/07/14 0:00,295000,3,1.75,1940,7500,1.5,0,0,4,1940,0,1918,1985,1708 Franklin St,Enumclaw,WA 98022,USA
07/07/14 0:00,295000,3,1.5,1640,7222,2,0,0,4,1640,0,1908,0,9047 4th Ave S,Seattle,WA 98108,USA
07/07/14 0:00,320000,3,1,1120,10576,1,0,0,4,1120,0,1969,0,17722 199th Ave NE,Woodinville,WA 98077,USA
07/07/14 0:00,780000,4,2,2600,4800,1,0,2,3,1400,1200,1953,0,1937 10th Ave W,Seattle,WA 98119,USA
07/07/14 0:00,437500,3,2,1490,4800,2,0,0,5,1490,0,1948,1985,309 NW 89th St,Seattle,WA 98117,USA
07/07/14 0:00,443000,5,1.75,1650,3000,1.5,0,0,3,1650,0,1902,0,814 20th Ave S,Seattle,WA 98144,USA
07/07/14 0:00,575000,4,2.5,2400,6137,2,0,0,3,2400,0,1990,2009,22447 NE 9th Dr,Sammamish,WA 98074,USA
07/07/14 0:00,245000,2,1,1500,6685,1,0,0,3,1190,310,1926,2003,12226 Phinney Ave N,Seattle,WA 98133,USA
07/07/14 0:00,450000,3,2.5,1990,12793,2,0,0,3,1990,0,1993,0,14543 86th Pl NE,Kenmore,WA 98028,USA
07/07/14 0:00,536000,2,1.5,1130,746,2,0,0,3,1030,100,2009,0,5412 6th Ave NW,Seattle,WA 98107,USA
07/07/14 0:00,685000,3,3.25,2030,11070,2,0,0,4,2030,0,1980,0,16725 NE 42nd Ct,Redmond,WA 98052,USA
07/07/14 0:00,373000,4,1.75,1590,7920,2,0,0,4,1590,0,1960,2001,16016 Burke Ave N,Shoreline,WA 98133,USA
07/07/14 0:00,450000,3,1.75,1480,8394,1,0,0,4,1480,0,1971,0,6201 147th Ct NE,Redmond,WA 98052,USA
07/07/14 0:00,645000,4,2.5,2690,18653,2,0,0,3,2690,0,1985,0,4117 211th Pl NE,Sammamish,WA 98074,USA
07/07/14 0:00,1275000,3,2.5,3870,46609,2,0,3,3,3870,0,1997,0,17002 SE 14th Ln,Bellevue,WA 98008,USA
07/07/14 0:00,230000,3,1,1390,6000,1,0,0,3,1390,0,1954,2005,880 Monroe Ave NE,Renton,WA 98056,USA
07/07/14 0:00,593000,3,2.75,1830,1850,2,0,0,3,1690,140,2011,0,2101-2499 NW Stoney Creek Dr,Issaquah,WA 98027,USA
07/07/14 0:00,558000,2,2,1580,5750,1,0,0,5,790,790,1910,0,4052 41st Ave SW,Seattle,WA 98116,USA
07/07/14 0:00,538250,3,2.25,2590,15229,2,0,3,3,2590,0,1984,0,23105 Marine View Dr S,Des Moines,WA 98198,USA
07/07/14 0:00,475000,5,2.5,2510,8050,1,0,0,4,1490,1020,1977,0,12608 NE 134th Pl,Kirkland,WA 98034,USA
07/07/14 0:00,209950,3,1.5,1180,7300,1,0,0,4,1180,0,1968,0,2601-2667 Alpine St SE,Auburn,WA 98002,USA
07/07/14 0:00,410000,3,2.25,1450,19206,2,0,0,3,1450,0,1989,0,1107 216th Ave NE,Sammamish,WA 98074,USA
07/07/14 0:00,1636000,3,2.5,3110,6765,2,0,1,4,2550,560,1946,1989,8240 Fairway Dr NE,Seattle,WA 98115,USA
07/07/14 0:00,670000,5,2.5,2860,68519,2,0,0,5,2860,0,1958,0,37927 SE 82nd Pl,Snoqualmie,WA 98065,USA
07/07/14 0:00,821000,3,2.75,2760,8476,1,0,0,4,1690,1070,1967,0,6950 93rd Ave SE,Mercer Island,WA 98040,USA
07/07/14 0:00,665000,5,2,2800,17788,1,0,0,4,1400,1400,1963,0,7502 132nd Ave NE,Kirkland,WA 98033,USA
07/07/14 0:00,339000,3,2.5,1450,3748,2,0,0,3,1450,0,2004,2003,7621 Orchard Ave SE,Snoqualmie,WA 98065,USA
07/07/14 0:00,631500,4,2,2530,5650,1.5,0,0,4,1910,620,1910,0,2900-2998 Fairmount Ave SW,Seattle,WA 98116,USA
07/07/14 0:00,570000,3,2,1640,2808,1,0,3,4,820,820,1924,0,3209 S Charles St,Seattle,WA 98144,USA
07/07/14 0:00,437000,3,1.75,2220,17568,1,0,0,4,2220,0,1967,0,16527 191st Pl NE,Woodinville,WA 98072,USA
07/07/14 0:00,542500,3,2.5,2040,10086,2,0,0,3,2040,0,1987,2000,8511 170th Ct NE,Redmond,WA 98052,USA
07/07/14 0:00,229500,3,1,1230,6000,1,0,0,4,1230,0,1967,0,1605 21st St NE,Auburn,WA 98002,USA
07/07/14 0:00,170500,2,1,1060,7700,1,0,0,3,820,240,1981,2013,1019 S 22nd Ct,Renton,WA 98055,USA
07/07/14 0:00,391500,3,2.5,1920,9625,2,0,0,3,1920,0,1993,0,955 11th Ct SW,North Bend,WA 98045,USA
07/07/14 0:00,296475,3,2.5,1520,4170,2,0,0,3,1520,0,2004,2003,24312 226th Ave SE,Maple Valley,WA 98038,USA
07/07/14 0:00,1450000,4,3.25,3770,4103,2,0,0,5,2710,1060,1925,0,410 Wheeler St,Seattle,WA 98109,USA
07/07/14 0:00,888550,3,2.5,3540,38322,2,0,0,3,3540,0,1989,0,21837 NE 102nd St,Redmond,WA 98053,USA
07/07/14 0:00,1360000,4,3,5430,108900,2,0,0,4,5430,0,1987,0,22701 NE 57th Ct,Redmond,WA 98053,USA
07/07/14 0:00,328000,3,2,2250,7904,1.5,0,0,3,2250,0,1998,2006,1512 10th Ct NW,Auburn,WA 98001,USA
07/07/14 0:00,300000,4,2.5,2090,5195,2,0,0,3,2090,0,2007,0,22736 129th Pl SE,Kent,WA 98031,USA
07/07/14 0:00,500000,3,2.5,1720,3012,2,0,0,3,1720,0,2011,0,14020 Meridian Ave N,Seattle,WA 98133,USA
07/07/14 0:00,494815,3,2.5,1910,2091,2,0,0,3,1910,0,2014,0,1273 NE Hickory Ln,Issaquah,WA 98029,USA
07/07/14 0:00,378000,3,2.5,1601,2491,3,0,0,3,1536,65,2007,0,12341 10th Pl NE,Seattle,WA 98125,USA
07/07/14 0:00,505000,2,2.25,1060,1209,2,0,0,3,940,120,2006,0,2000 Yale Ave E,Seattle,WA 98102,USA
07/07/14 0:00,680000,4,2.75,2330,3920,2,0,0,3,2330,0,2005,0,3440 NE Marion Ln,Issaquah,WA 98029,USA
07/07/14 0:00,351999,3,2.5,2370,4200,2,0,0,3,2370,0,2014,0,25828 243rd Ave SE,Maple Valley,WA 98038,USA
07/07/14 0:00,510000,3,2.5,1420,1237,3,0,0,3,1420,0,2014,0,2252 NW 62nd St,Seattle,WA 98107,USA
07/07/14 0:00,1300000,4,2.25,2360,4000,2,0,0,3,2360,0,2013,1923,186 34th Ave E,Seattle,WA 98112,USA
07/07/14 0:00,374000,2,1.5,1260,1575,2,0,0,3,1260,0,2001,0,2900-2948 S Irving St,Seattle,WA 98144,USA
07/07/14 0:00,509900,3,2.5,3030,9053,2,0,0,3,3030,0,2009,0,5221 NE 7th Pl,Renton,WA 98059,USA
07/07/14 0:00,230000,3,1.75,1140,1201,2,0,0,3,1140,0,2014,0,4424-4438 Martin Luther King Jr Way S,Seattle,WA 98108,USA
08/07/14 0:00,527700,5,2.5,2820,9375,1,0,0,4,1550,1270,1968,0,15910 SE 42nd Pl,Bellevue,WA 98006,USA
08/07/14 0:00,438000,2,2,1270,1372,3,0,0,3,1270,0,2000,0,848 NE 67th St,Seattle,WA 98115,USA
08/07/14 0:00,900000,3,2.5,3180,12600,2,0,0,4,3180,0,1978,2000,3004 211th Ave NE,Sammamish,WA 98074,USA
08/07/14 0:00,1131000,3,2.25,2790,13791,1,0,3,3,2790,0,2006,0,18125 Brittany Dr SW,Normandy Park,WA 98166,USA
08/07/14 0:00,439000,4,2.25,2570,9503,2,0,0,3,2570,0,1980,0,18719 129th Ct NE,Bothell,WA 98011,USA
08/07/14 0:00,315000,2,1,1080,2674,1,0,0,4,720,360,1919,1985,4820 12th Ave S,Seattle,WA 98108,USA
08/07/14 0:00,765000,4,4,3010,7221,2,0,0,3,3010,0,2004,2003,2828 277th Terrace SE,Sammamish,WA 98075,USA
08/07/14 0:00,332000,3,2.25,2120,14915,1,0,0,3,1720,400,1979,2014,27840 38th Pl S,Auburn,WA 98001,USA
08/07/14 0:00,600000,3,2.25,1900,46609,1.5,0,0,4,1440,460,1969,0,17308 167th Ave NE,Woodinville,WA 98072,USA
08/07/14 0:00,378500,3,2.5,2860,43821,2,0,0,4,2860,0,1990,0,14921 SE Auburn-Black Diamond Rd,Auburn,WA 98092,USA
08/07/14 0:00,190000,3,1,910,10575,1,0,0,4,910,0,1968,0,2536 S 365th Pl,Federal Way,WA 98003,USA
08/07/14 0:00,645000,4,2.5,2850,37522,2,0,0,3,2850,0,1987,2000,26007 SE 27th St,Sammamish,WA 98075,USA
08/07/14 0:00,780000,2,2.5,2560,2500,2,0,0,5,1690,870,1901,0,419 25th Ave E,Seattle,WA 98112,USA
08/07/14 0:00,370000,3,1.75,1570,16817,2,0,0,3,1570,0,1982,0,43719 SE 142nd St,North Bend,WA 98045,USA
08/07/14 0:00,875000,4,3.5,3110,108464,2,0,2,4,3110,0,1979,0,24119 SE 18th Pl,Sammamish,WA 98075,USA
08/07/14 0:00,1049000,4,3.75,4740,126759,2,0,0,4,4740,0,1991,0,27125-27131 SE 175th Pl,Issaquah,WA 98027,USA
08/07/14 0:00,479000,3,1,1340,13750,1,0,0,4,1340,0,1955,2009,14211 SE 37th St,Bellevue,WA 98006,USA
08/07/14 0:00,245000,4,2.25,2600,6390,1,0,0,3,1390,1210,1978,0,26th Ave SW,Federal Way,WA 98023,USA
08/07/14 0:00,542000,3,1.75,1070,8030,1,0,0,3,1070,0,1966,2014,13820 NE 72nd Pl,Redmond,WA 98052,USA
08/07/14 0:00,557500,3,2.25,1820,9670,2,0,0,3,1820,0,1984,0,17213 NE 32nd St,Redmond,WA 98052,USA
08/07/14 0:00,480000,2,1,1060,3040,1,0,0,3,860,200,1924,2011,2342 N 60th St,Seattle,WA 98103,USA
08/07/14 0:00,330000,3,2.25,2220,4060,1,0,0,3,1330,890,1993,0,5401 S Fletcher St,Seattle,WA 98118,USA
08/07/14 0:00,160000,3,1,1350,8700,1.5,0,0,3,1350,0,1942,1999,17052 34th Ave S,SeaTac,WA 98188,USA
08/07/14 0:00,695500,5,2.75,2510,9180,1,0,1,4,1600,910,1975,0,3312 181st Pl NE,Redmond,WA 98052,USA
08/07/14 0:00,235500,5,2.5,2340,13713,1,0,0,2,1670,670,1967,0,30221 8th Ave S,Federal Way,WA 98003,USA
08/07/14 0:00,326500,3,1,1060,7920,1,0,0,4,1060,0,1968,0,4149-4399 19th Ave SW,Seattle,WA 98106,USA
08/07/14 0:00,300000,4,2.5,2200,8065,2,0,0,3,2200,0,1998,2006,9526 S 221st Pl,Kent,WA 98031,USA
08/07/14 0:00,267000,3,1,1400,8100,1.5,0,0,3,1400,0,1944,0,11520 36th Ave NE,Seattle,WA 98125,USA
08/07/14 0:00,292600,3,1.5,1520,7123,1,0,0,4,1520,0,1959,0,1012 Lynnwood Ave NE,Renton,WA 98056,USA
08/07/14 0:00,362000,5,3,1810,3000,2,0,0,3,1810,0,1998,2006,4519 33rd Ave S,Seattle,WA 98118,USA
08/07/14 0:00,1087500,2,2,2360,11340,1.5,0,0,3,2360,0,1997,0,3063-3103 84th Ave SE,Mercer Island,WA 98040,USA
08/07/14 0:00,357562,2,1.75,1210,1032,2,0,0,3,1210,0,2014,0,2520 Mulberry Walk NE,Issaquah,WA 98029,USA
08/07/14 0:00,789900,3,2.5,3420,25150,1,0,0,4,1750,1670,1987,0,14102 SE 42nd St,Bellevue,WA 98006,USA
08/07/14 0:00,513000,3,2.5,1810,4592,2,0,0,3,1810,0,1992,0,25744 SE 37th St,Issaquah,WA 98029,USA
08/07/14 0:00,336000,3,2.25,2760,10160,1,0,0,3,2760,0,1969,2010,14213 SE 170th St,Renton,WA 98058,USA
08/07/14 0:00,560000,4,2.25,1950,9800,1,0,0,3,1330,620,1968,1997,12034 NE 67th St,Kirkland,WA 98033,USA
08/07/14 0:00,1150000,3,2.5,3830,48743,2,0,0,3,3830,0,1991,0,16123 SE 44th Way,Bellevue,WA 98006,USA
08/07/14 0:00,410000,4,2.25,2060,7283,1,0,0,3,1220,840,1963,2013,15568 11th Ave NE,Shoreline,WA 98155,USA
08/07/14 0:00,371500,3,1,1650,6400,1,0,0,4,980,670,1954,1979,9233 25th Ave SW,Seattle,WA 98106,USA
08/07/14 0:00,368000,4,1.75,2100,11942,1,0,0,3,1030,1070,1964,2000,5901-5909 17th Ave SW,Seattle,WA 98106,USA
08/07/14 0:00,650000,4,3,3720,57499,1,0,0,3,1880,1840,2003,0,4316 331st Ave NE,Carnation,WA 98014,USA
08/07/14 0:00,308950,4,2.5,1920,8562,2,0,2,4,1920,0,1994,0,203 Farrelly St,Enumclaw,WA 98022,USA
08/07/14 0:00,440000,3,2,1860,217800,2,0,2,3,1860,0,1998,2006,9700 174th Ave SE,Renton,WA 98059,USA
08/07/14 0:00,630000,2,2.5,2290,3507,2,0,0,3,2290,0,2005,0,2598 NE Natalie Way,Issaquah,WA 98029,USA
08/07/14 0:00,228950,3,1.75,1200,9085,1,0,0,4,1200,0,1968,0,35839 14th Ave SW,Federal Way,WA 98023,USA
08/07/14 0:00,782000,4,3.5,5270,53428,2,0,0,3,3440,1830,2004,2003,18603 E Spring Lake Dr SE,Renton,WA 98058,USA
08/07/14 0:00,245000,3,2.5,1600,2788,2,0,0,4,1600,0,1992,0,11539 SE 221st Pl,Kent,WA 98031,USA
08/07/14 0:00,410000,4,2.5,2560,4020,2,0,0,3,2560,0,2006,0,27645 236th Ct SE,Maple Valley,WA 98038,USA
08/07/14 0:00,427550,2,1,880,4000,1,0,0,3,880,0,1940,1996,7554 Jones Ave NW,Seattle,WA 98117,USA
08/07/14 0:00,235000,2,1,1020,7920,1,0,0,3,1020,0,1939,1969,1712 S Dawson St,Seattle,WA 98108,USA
08/07/14 0:00,210000,3,2,960,9380,1,0,0,3,960,0,1949,1998,13045 6th Pl SW,Seattle,WA 98146,USA
08/07/14 0:00,485000,4,2.25,1900,7200,1,0,0,3,1370,530,1977,2004,11042 31st Ave SW,Seattle,WA 98146,USA
08/07/14 0:00,410000,3,2,1320,6000,1.5,0,0,4,1320,0,1920,0,2200 S Hanford St,Seattle,WA 98144,USA
08/07/14 0:00,435000,4,2.75,2230,9640,1,0,0,3,1320,910,1998,2006,13362 3rd Ave NE,Seattle,WA 98125,USA
08/07/14 0:00,300000,3,1,1150,7314,1,0,0,3,1150,0,1960,2012,16940 NE 16th Pl,Bellevue,WA 98008,USA
08/07/14 0:00,455000,4,3.5,3440,6000,2,0,0,4,3440,0,2002,0,21625 4th Ave S,Normandy Park,WA 98198,USA
08/07/14 0:00,210000,3,1,1070,8179,1,0,0,3,1070,0,1949,1998,11247 11th Ave SW,Seattle,WA 98146,USA
08/07/14 0:00,1050000,4,2.75,2250,3433,1.5,0,0,3,1500,750,1927,2013,2052 Boyer Ave E,Seattle,WA 98112,USA
08/07/14 0:00,458400,4,2.5,1910,10300,1,0,0,3,1910,0,1921,1968,105 NW 178th St,Shoreline,WA 98177,USA
08/07/14 0:00,390000,3,1.75,1180,16552,1,0,0,4,1180,0,1967,0,16714 NE 158th St,Woodinville,WA 98072,USA
08/07/14 0:00,148226,3,1,1400,7360,1,0,0,4,1400,0,1968,0,11626-11630 SE 323rd Pl,Auburn,WA 98092,USA
08/07/14 0:00,711600,4,3,3580,9316,2.5,0,0,3,2370,1210,1991,0,15502 SE 18th St,Bellevue,WA 98007,USA
08/07/14 0:00,819000,3,2.75,3176,13391,2,0,3,4,2726,450,1985,0,401 S 289th St,Federal Way,WA 98003,USA
08/07/14 0:00,613000,2,2,1170,1890,1.5,0,1,4,1170,0,1927,0,2425 Westview Dr W,Seattle,WA 98119,USA
08/07/14 0:00,592350,2,2,1570,4665,1,0,0,3,1570,0,2006,0,Adair Creek Trail,Redmond,WA 98053,USA
08/07/14 0:00,232000,3,1.5,1460,15000,1,0,0,3,1460,0,1966,1963,31605-31625 51st Ave S,Auburn,WA 98001,USA
08/07/14 0:00,250000,3,1.75,1140,10400,1,0,0,4,1140,0,1983,0,1705 Douglas Ct,Milton,WA 98354,USA
08/07/14 0:00,115000,1,2,1150,9812,1,0,0,4,1150,0,1962,0,34215 40th Ave S,Auburn,WA 98001,USA
08/07/14 0:00,1115000,4,2.5,3180,31931,1,0,0,4,2390,790,1978,2000,3108 142nd Pl NE,Bellevue,WA 98007,USA
08/07/14 0:00,585000,4,2.5,2630,6185,2,0,0,3,2630,0,1999,0,3505 Monterey Ct NE,Renton,WA 98056,USA
08/07/14 0:00,580000,3,2.25,1940,5980,1,0,0,3,1520,420,1987,2000,1130 Oak Hill Pl NW,Issaquah,WA 98027,USA
08/07/14 0:00,165000,1,1,850,8050,1,0,0,2,850,0,1906,0,3510 S Holly St,Seattle,WA 98118,USA
08/07/14 0:00,430000,3,2,1550,6039,1,0,0,5,830,720,1942,0,6537 36th Ave SW,Seattle,WA 98126,USA
08/07/14 0:00,383000,3,2.25,2090,15000,1,0,0,3,2090,0,1961,2004,608 Riverside Dr SE,North Bend,WA 98045,USA
08/07/14 0:00,1195000,4,3.5,3960,6654,2,0,0,3,2850,1110,2006,0,2905 25th Ave W,Seattle,WA 98199,USA
08/07/14 0:00,201500,3,1,1320,5000,1.5,0,0,3,1320,0,1912,1994,4207 SW Manning St,Seattle,WA 98116,USA
08/07/14 0:00,690000,4,2.5,3220,35400,2,0,0,3,3220,0,1991,0,16831 NE 176th St,Woodinville,WA 98072,USA
08/07/14 0:00,325000,2,1,800,7260,1,0,0,3,800,0,1953,0,7354 27th Ave SW,Seattle,WA 98126,USA
08/07/14 0:00,375000,3,1.75,1660,9673,1,0,0,3,1130,530,1976,0,13300 NE 186th St,Woodinville,WA 98072,USA
08/07/14 0:00,600000,4,2.5,2250,11370,2,0,0,3,2250,0,1991,0,12362 76th Ct NE,Kirkland,WA 98034,USA
08/07/14 0:00,340000,3,2.25,2120,13090,1,0,0,3,2120,0,1997,0,1310 G St SE,Auburn,WA 98002,USA
08/07/14 0:00,890000,4,2.75,2310,4020,3,0,0,5,2310,0,1979,0,1602 32nd Ave,Seattle,WA 98122,USA
08/07/14 0:00,415000,4,1.75,1920,7700,2,0,0,4,1920,0,1970,0,7209 SE 70th St,Newcastle,WA 98056,USA
08/07/14 0:00,255000,3,1.75,1550,9720,1,0,0,3,1050,500,1976,0,22821 SE 288th St,Black Diamond,WA 98010,USA
08/07/14 0:00,530000,2,2.5,1785,779,2,0,0,3,1595,190,1975,0,1600-1718 107th Ave SE,Bellevue,WA 98004,USA
08/07/14 0:00,468000,3,1.5,1830,9848,1,0,0,5,1830,0,1962,0,12000-12098 SE 71st Pl,Newcastle,WA 98056,USA
08/07/14 0:00,970000,5,2.75,3500,5040,2,0,2,3,2950,550,1927,2007,5433 37th Ave SW,Seattle,WA 98126,USA
08/07/14 0:00,599000,3,2,2560,14680,1,0,0,3,1330,1230,1987,2000,16604 NE 42nd Ct,Redmond,WA 98052,USA
08/07/14 0:00,399500,4,1.75,1360,4840,1.5,0,0,4,1360,0,1928,0,5048 35th Ave SW,Seattle,WA 98126,USA
08/07/14 0:00,2458000,4,5.25,6500,14986,2,0,0,3,5180,1320,2001,0,2205 78th Ave NE,Medina,WA 98039,USA
08/07/14 0:00,1205000,4,3.5,3150,5500,2,0,0,3,3150,0,2014,0,4908 32nd Ave NE,Seattle,WA 98105,USA
08/07/14 0:00,325000,2,1,810,4080,1,0,0,4,810,0,1941,1998,3620 SW Holden St,Seattle,WA 98126,USA
08/07/14 0:00,1135250,5,4,7320,217800,2,0,0,3,7320,0,1992,0,19100 SE 174th St,Renton,WA 98058,USA
08/07/14 0:00,568000,4,1.75,2790,17476,1,0,2,3,1450,1340,1956,2001,2714 SW 164th Pl,Burien,WA 98166,USA
08/07/14 0:00,517000,2,1.5,1920,3408,1,0,0,4,960,960,1912,1989,1103 26th Ave,Seattle,WA 98122,USA
08/07/14 0:00,469950,4,2.75,2530,14178,2,0,0,3,2530,0,1997,0,15200 287th Ave NE,Duvall,WA 98019,USA
08/07/14 0:00,1675000,3,2.5,3490,8343,2,1,4,4,2150,1340,1939,1991,Burke-Gilman Trail,Seattle,WA 98125,USA
08/07/14 0:00,2180000,6,2.75,4710,11000,2,0,3,3,3690,1020,1931,0,4530 51st Ave NE,Seattle,WA 98105,USA
08/07/14 0:00,623000,3,1.75,2050,16313,1,0,0,2,2050,0,1973,0,4009 97th Ave SE,Mercer Island,WA 98040,USA
08/07/14 0:00,720000,4,2.25,2410,8400,2,0,0,5,2410,0,1965,0,16451 NE 18th St,Bellevue,WA 98008,USA
08/07/14 0:00,205000,3,1,1180,8240,1,0,0,4,1180,0,1967,0,30105 10th Ave S,Federal Way,WA 98003,USA
08/07/14 0:00,148000,2,1,630,4200,1,0,0,3,630,0,1930,1997,7760 10th Ave SW,Seattle,WA 98106,USA
08/07/14 0:00,950000,3,2.5,3480,7800,1,0,0,4,1750,1730,1941,1998,10323 Valmay Ave NW,Seattle,WA 98177,USA
08/07/14 0:00,405000,3,1.5,1010,7683,1.5,0,0,5,1010,0,1953,0,12500-12578 10th Ave NE,Seattle,WA 98125,USA
08/07/14 0:00,293000,3,2.25,1910,3481,2,0,0,3,1910,0,2009,0,19358 114th Pl SE,Kent,WA 98031,USA
08/07/14 0:00,550000,3,3.5,2490,3582,2,0,0,3,1720,770,2005,0,320 NW Boulder Pl,Issaquah,WA 98027,USA
08/07/14 0:00,435000,4,2.5,2150,3143,2,0,0,3,2150,0,2010,0,1356 Elma Pl NE,Renton,WA 98059,USA
08/07/14 0:00,355000,4,2.75,3000,5470,2,0,0,3,3000,0,2005,0,22710 SE 268th Pl,Maple Valley,WA 98038,USA
08/07/14 0:00,673000,3,2.75,2830,3496,2,0,0,3,2830,0,2012,1912,24588-24638 SE Issaquah-Fall City Rd,Issaquah,WA 98029,USA
08/07/14 0:00,449990,4,2.5,2680,5539,2,0,0,3,2680,0,2013,1923,13800 453rd Ave SE,North Bend,WA 98045,USA
08/07/14 0:00,249000,2,1.5,1090,2686,2,0,0,3,1090,0,1982,0,13124 113th Pl NE,Kirkland,WA 98034,USA
08/07/14 0:00,380000,4,2.5,1984,32400,1,0,0,3,1564,420,1962,2003,26856 12th Ave S,Des Moines,WA 98198,USA
08/07/14 0:00,760005,4,2.75,3090,5859,2,0,0,3,3090,0,2010,0,384 218th Pl SE,Sammamish,WA 98074,USA
08/07/14 0:00,674600,4,2.5,2610,5140,2,0,0,3,2610,0,2006,0,922 N 91st St,Seattle,WA 98103,USA
08/07/14 0:00,812000,4,3.5,3370,3634,2,0,0,3,2750,620,2007,0,2154 NE Morgan Ln,Issaquah,WA 98029,USA
08/07/14 0:00,333490,4,2.5,2250,3916,2,0,0,3,2250,0,2014,0,29024 121st Way SE,Auburn,WA 98092,USA
08/07/14 0:00,320000,3,3.25,1450,1387,2,0,0,3,1180,270,2013,1923,5107 Puget Blvd SW,Seattle,WA 98106,USA
08/07/14 0:00,999000,4,2.5,3130,10849,2,0,0,3,3130,0,2013,1923,9006 116th Ave NE,Kirkland,WA 98033,USA
08/07/14 0:00,810000,2,2.75,2700,8572,1,0,0,3,2700,0,2007,0,22857 NE 138th Ct,Redmond,WA 98053,USA
09/07/14 0:00,399950,5,2.75,1970,5400,1,0,0,3,1320,650,1986,0,1770 19th Ave S,Seattle,WA 98144,USA
09/07/14 0:00,550000,3,2,1970,4166,2,0,3,5,1270,700,1929,0,3608 34th Ave SW,Seattle,WA 98126,USA
09/07/14 0:00,290000,3,1.5,1950,15954,1,0,0,4,1950,0,1959,0,1020 S 299th Pl,Federal Way,WA 98003,USA
09/07/14 0:00,232500,3,1.5,1940,9887,1,0,0,4,1140,800,1969,0,450 S 305th St,Federal Way,WA 98003,USA
09/07/14 0:00,1355000,4,3.5,3550,11000,1,0,2,3,2260,1290,1999,0,15317 SE 58th St,Bellevue,WA 98006,USA
09/07/14 0:00,565000,3,2.5,2500,7394,2,0,0,3,2500,0,1990,2009,12440 NE 160th St,Woodinville,WA 98072,USA
09/07/14 0:00,749950,4,2.75,2910,18700,1,0,0,3,2210,700,1957,1995,821 NW 175th St,Shoreline,WA 98177,USA
09/07/14 0:00,720500,4,2.5,3350,35298,2,0,0,4,3350,0,1985,0,22720 NE 46th St,Redmond,WA 98053,USA
09/07/14 0:00,507000,3,1.75,2140,40098,1,0,0,5,1490,650,1950,0,17295-17403 SE 192nd Dr,Renton,WA 98058,USA
09/07/14 0:00,989000,5,4.5,4030,13474,2,0,0,3,4030,0,2000,0,25758 SE 31st Pl,Sammamish,WA 98075,USA
09/07/14 0:00,463000,4,2.5,1980,6660,2,0,0,4,1980,0,1974,0,12812 130th Ct NE,Kirkland,WA 98034,USA
09/07/14 0:00,310000,3,1.5,1460,9908,1,0,0,3,1460,0,1952,2008,19539 4th Ave S,Des Moines,WA 98148,USA
09/07/14 0:00,284000,4,1.75,1880,8800,1,0,0,3,1130,750,1960,2012,10000-10026 S 100th St,Seattle,WA 98168,USA
09/07/14 0:00,737500,3,1.75,2320,10900,2,0,0,3,2320,0,1935,1974,8038 42nd Ave NE,Seattle,WA 98115,USA
09/07/14 0:00,569000,3,3.25,2220,8227,1.5,0,0,5,1770,450,1929,0,4123 13th Ave S,Seattle,WA 98108,USA
09/07/14 0:00,700000,3,1,1410,7200,2,0,0,4,1410,0,1901,0,1122A 23rd Ave S,Seattle,WA 98144,USA
09/07/14 0:00,660000,3,1,1240,3500,1,0,0,4,1240,0,1927,0,768 N 75th St,Seattle,WA 98103,USA
09/07/14 0:00,275000,4,2,2030,8426,2,0,0,3,2030,0,1944,0,3515 S 137th St,Tukwila,WA 98168,USA
09/07/14 0:00,570000,6,3.75,4000,6015,2,0,2,3,3080,920,2004,2003,16638 SE 167th St,Renton,WA 98058,USA
09/07/14 0:00,150000,3,0.75,490,38500,1.5,0,0,4,490,0,1959,0,11881 Tye River Rd NE,Skykomish,WA 98288,USA
09/07/14 0:00,356000,3,2.5,1590,3411,2,0,0,3,1590,0,2000,0,7828 Douglas Ave SE,Snoqualmie,WA 98065,USA
09/07/14 0:00,610000,3,2.5,2630,5827,2,0,0,3,2630,0,2001,0,9954 227th Way NE,Redmond,WA 98053,USA
09/07/14 0:00,498800,2,1.75,1350,4614,1,0,0,3,1350,0,2008,0,12412 243rd Terrace NE,Redmond,WA 98053,USA
09/07/14 0:00,226550,3,1,990,4440,1,0,0,3,990,0,1943,2002,9025 15th Ave SW,Seattle,WA 98106,USA
09/07/14 0:00,692500,4,2.75,3710,7984,2,0,0,3,3710,0,1999,0,7313 Chanticleer Ave SE,Snoqualmie,WA 98065,USA
09/07/14 0:00,250000,3,1,990,8062,1,0,0,4,990,0,1960,2001,20824-20836 Occidental Ave S,Des Moines,WA 98198,USA
09/07/14 0:00,660000,4,2.5,2510,4543,2,0,0,3,2510,0,2002,0,22518 SE 15th Pl,Sammamish,WA 98075,USA
09/07/14 0:00,295000,2,1,800,6500,1,0,0,4,800,0,1953,1983,108 N 183rd St,Shoreline,WA 98133,USA
09/07/14 0:00,154950,4,1,1600,10183,1,0,0,4,1600,0,1966,0,3516 O St SE,Auburn,WA 98002,USA
09/07/14 0:00,409124,5,3.25,3320,11340,2,0,0,4,2480,840,1999,0,14014 SE 236th Pl,Kent,WA 98042,USA
09/07/14 0:00,287000,5,1.5,1730,9230,1,0,0,3,1010,720,1962,2003,1724 Edmonds Way SE,Renton,WA 98058,USA
09/07/14 0:00,810000,4,1.75,2000,3988,1,0,4,4,1000,1000,1958,1972,1322 Alki Ave SW,Seattle,WA 98116,USA
09/07/14 0:00,525000,4,2.75,2910,6308,1,0,0,3,1640,1270,1985,0,14812 104th Ave NE,Bothell,WA 98011,USA
09/07/14 0:00,525000,4,1.75,1710,10440,1,0,0,4,1710,0,1955,2009,3834 136th Ave SE,Bellevue,WA 98006,USA
09/07/14 0:00,275000,3,1,1200,7800,1,0,0,4,1200,0,1954,1979,9246 30th Ave SW,Seattle,WA 98126,USA
09/07/14 0:00,583000,3,2.5,2600,5100,2,0,1,3,2600,0,1998,2006,1007 N 29th St,Renton,WA 98056,USA
09/07/14 0:00,237950,2,1.75,1460,7926,1,0,0,4,1460,0,1987,0,26231 187th Pl SE,Covington,WA 98042,USA
09/07/14 0:00,1065000,4,3.75,4260,9800,2,0,0,3,4260,0,2008,0,7811 126th Ave NE,Kirkland,WA 98033,USA
09/07/14 0:00,679000,4,2.75,2100,4480,1.5,0,0,4,1780,320,1928,0,5519 31st Ave NE,Seattle,WA 98105,USA
09/07/14 0:00,1465000,6,4.5,4230,6420,2,0,3,4,2360,1870,1916,0,1206 9th Ave W,Seattle,WA 98119,USA
09/07/14 0:00,410000,3,1.75,1660,6250,1,0,0,3,830,830,1980,0,1919 42nd Ave SW,Seattle,WA 98116,USA
09/07/14 0:00,306000,3,1,1450,7200,1,0,0,3,1010,440,1969,2010,10606 NE 143rd Pl,Kirkland,WA 98034,USA
09/07/14 0:00,215000,4,1.5,1860,5040,1.5,0,0,5,1860,0,1920,0,1730 Washington Ave,Enumclaw,WA 98022,USA
09/07/14 0:00,594950,4,2.5,2720,10006,2,0,0,3,2720,0,1989,0,2201 223rd Pl NE,Sammamish,WA 98074,USA
09/07/14 0:00,1250000,4,2.5,2920,5500,1,0,3,3,2030,890,1957,2000,2440 Magnolia Blvd W,Seattle,WA 98199,USA
09/07/14 0:00,305000,3,1.5,1800,12196,1,0,0,4,1800,0,1966,0,30002 8th Ave SW,Federal Way,WA 98023,USA
09/07/14 0:00,425000,2,1,1320,8830,1,0,0,3,1020,300,1939,1969,2603 36th Ave W,Seattle,WA 98199,USA
09/07/14 0:00,215000,3,1.75,1770,29004,1,0,0,3,1770,0,1959,1989,2253 SW 313th St,Federal Way,WA 98023,USA
09/07/14 0:00,480000,5,2.75,2550,7725,1,0,0,5,1390,1160,1967,0,12570 SE 72nd St,Newcastle,WA 98056,USA
09/07/14 0:00,550000,4,1.75,2150,9000,1,0,0,4,1110,1040,1966,0,17010 NE 88th St,Redmond,WA 98052,USA
09/07/14 0:00,750000,4,2.5,3020,7465,2,0,0,3,3020,0,2004,2003,1125 270th Pl SE,Sammamish,WA 98075,USA
09/07/14 0:00,137124,3,1,960,27442,1,0,0,4,960,0,1970,0,15416 SE Jones Rd,Renton,WA 98058,USA
09/07/14 0:00,840000,3,2,2783,11177,2,0,0,3,2783,0,1910,1999,3672 SW Orchard St,Seattle,WA 98126,USA
09/07/14 0:00,624800,3,2,2250,14274,1,0,0,4,1500,750,1964,0,3726 Gallagher Hill Rd,Mercer Island,WA 98040,USA
09/07/14 0:00,630000,3,1.75,1710,8767,1,0,0,4,1710,0,1986,0,10515 115th Pl NE,Kirkland,WA 98033,USA
09/07/14 0:00,590000,3,2.5,2650,9380,1,0,0,5,1680,970,1975,0,4765 NE 203rd St,Lake Forest Park,WA 98155,USA
09/07/14 0:00,599950,3,3.25,1830,1804,3,0,0,3,1830,0,2014,0,1501 NW 90th St,Seattle,WA 98117,USA
09/07/14 0:00,299880,3,2.5,1460,3044,2,0,0,3,1460,0,2000,0,6511 29th Ave S,Seattle,WA 98108,USA
09/07/14 0:00,400000,3,2,1760,6875,1,0,0,4,1760,0,1967,0,Brooktrails Trail 14,Woodinville,WA 98072,USA
09/07/14 0:00,560000,3,2.5,1960,6058,2,0,0,3,1960,0,2002,0,2501-2507 248th Terrace NE,Sammamish,WA 98074,USA
09/07/14 0:00,229000,4,2.25,2010,7688,1,0,0,3,1170,840,1979,2014,32701-32911 49th Pl SW,Federal Way,WA 98023,USA
09/07/14 0:00,525000,4,2.5,3670,9958,2,0,0,3,3670,0,2005,0,13559 SE 159th Pl,Renton,WA 98058,USA
09/07/14 0:00,737000,2,2.25,2290,9772,1,0,0,3,2290,0,2007,0,13555 Adair Creek Way NE,Redmond,WA 98053,USA
09/07/14 0:00,680000,3,2,1780,5720,1,0,0,5,980,800,1925,0,537 N 70th St,Seattle,WA 98103,USA
09/07/14 0:00,635000,4,2.5,3080,35430,2,0,0,3,3080,0,1997,0,9788-16090 NE Quail Creek Dr,Redmond,WA 98053,USA
09/07/14 0:00,740000,4,2.5,3360,15091,2,0,0,3,3360,0,1997,0,6520 154th Ave NE,Redmond,WA 98052,USA
09/07/14 0:00,335500,3,1,1370,6780,2,0,0,3,1370,0,1930,1997,12008 35th Ave NE,Seattle,WA 98125,USA
09/07/14 0:00,270000,4,2.5,1660,8063,1,0,0,4,1660,0,1978,2000,25139 11th Ave S,Des Moines,WA 98198,USA
09/07/14 0:00,1037000,4,3.5,4440,10660,2,0,0,3,4440,0,2003,0,15124 SE 82nd Ct,Newcastle,WA 98059,USA
09/07/14 0:00,450000,5,2.5,2850,209523,1,0,0,4,1930,920,1925,1968,23211 190th Ave SE,Renton,WA 98058,USA
09/07/14 0:00,379000,3,2.5,1530,2913,2,0,0,4,1530,0,1986,0,11807 NE 105th Ct,Kirkland,WA 98033,USA
09/07/14 0:00,468000,4,2.5,2100,8400,1,0,0,4,1240,860,1976,1992,14634 128th Ave NE,Woodinville,WA 98072,USA
09/07/14 0:00,321500,1,1,730,1942,1,0,0,3,730,0,2008,0,924 26th Ave S,Seattle,WA 98144,USA
09/07/14 0:00,443000,3,2.25,1920,8223,2,0,0,4,1920,0,1989,0,14808 104th Ave NE,Bothell,WA 98011,USA
09/07/14 0:00,340000,3,1,1600,7324,1,0,0,4,1600,0,1958,1972,1496 Aberdeen Ave NE,Renton,WA 98056,USA
09/07/14 0:00,470000,4,2.25,2380,17199,2,0,0,3,1530,850,1979,2014,5504 NE 190th St,Kenmore,WA 98028,USA
09/07/14 0:00,545000,3,2.5,2760,17377,2,0,0,3,2760,0,2002,0,615 Bronson Pl NE,Renton,WA 98056,USA
09/07/14 0:00,415000,4,1.5,1840,11367,1.5,0,0,4,1840,0,1950,1983,18820 1st Ave NW,Shoreline,WA 98177,USA
09/07/14 0:00,599000,7,2.5,2580,5750,1,0,0,4,1880,700,1901,0,125 30th Ave,Seattle,WA 98122,USA
09/07/14 0:00,759000,4,1.75,2100,4750,1,0,0,3,1340,760,1975,0,5626 Keystone Pl N,Seattle,WA 98103,USA
09/07/14 0:00,300000,4,1.75,1820,5015,1,0,0,4,1190,630,1926,1993,1714 S Pearl St,Seattle,WA 98108,USA
09/07/14 0:00,1681000,5,5.25,4830,18707,2,0,1,5,3930,900,1952,1998,6702 SE 28th St,Mercer Island,WA 98040,USA
09/07/14 0:00,359000,3,1.5,1550,4980,1,0,0,3,1080,470,1978,0,10304 Interlake Ave N,Seattle,WA 98133,USA
09/07/14 0:00,550000,4,1,1440,3600,1.5,0,0,4,1440,0,1924,0,3822 42nd Ave SW,Seattle,WA 98116,USA
09/07/14 0:00,395000,2,1,930,6380,1,0,0,4,930,0,1940,2001,548 NE 86th St,Seattle,WA 98115,USA
09/07/14 0:00,486000,4,2.5,3560,12047,2,0,0,3,3560,0,1988,2000,509 SW 335th St,Federal Way,WA 98023,USA
09/07/14 0:00,187000,2,1,840,11600,1,0,0,3,840,0,1952,2008,12314-12426 24th Ave S,Burien,WA 98168,USA
09/07/14 0:00,734950,4,3.25,4280,47179,2,0,0,3,3050,1230,2002,0,33518 161st Ln SE,Auburn,WA 98092,USA
09/07/14 0:00,284000,3,1.5,1500,10018,1,0,0,4,1500,0,1957,2001,15012 133rd Ave SE,Renton,WA 98058,USA
09/07/14 0:00,696000,4,3.5,3650,38546,2,0,0,3,2550,1100,1996,0,45804 SE 137th St,North Bend,WA 98045,USA
09/07/14 0:00,380000,2,1,780,3910,1,0,0,3,780,0,1918,0,4112 38th Ave SW,Seattle,WA 98126,USA
09/07/14 0:00,625000,4,1,1600,5500,1.5,0,0,4,1600,0,1946,1989,9510 28th Ave NW,Seattle,WA 98117,USA
09/07/14 0:00,252000,4,1.75,1120,8250,1,0,0,4,1120,0,1966,0,12224 SE 165th St,Renton,WA 98058,USA
09/07/14 0:00,560000,2,1,1010,9219,1,0,0,4,1010,0,1960,2001,1641-1699 4th St,Kirkland,WA 98033,USA
09/07/14 0:00,395000,4,2.75,1970,37026,1,0,0,4,1970,0,1961,2001,18625 Ridge Rd SW,Vashon,WA 98070,USA
09/07/14 0:00,900000,4,2.5,2230,4372,2,0,0,5,1540,690,1935,0,5641 Keystone Pl N,Seattle,WA 98103,USA
09/07/14 0:00,2680000,5,3,4290,20445,2,0,0,4,4290,0,1985,0,1209 Evergreen Point Rd,Medina,WA 98039,USA
09/07/14 0:00,625000,3,1.75,3160,76230,1,0,0,4,2160,1000,1978,2000,3297 S 366th St,Auburn,WA 98001,USA
09/07/14 0:00,580000,3,1.75,1850,5100,1,0,0,3,1020,830,1909,2004,4408 Thackeray Pl NE,Seattle,WA 98105,USA
09/07/14 0:00,309000,3,2.25,1980,8755,1,0,0,4,1300,680,1963,0,23300-23306 10th Ave S,Des Moines,WA 98198,USA
09/07/14 0:00,412000,4,3.5,3360,9767,2,0,0,3,2450,910,1990,2009,32648-33020 10th Ave SW,Federal Way,WA 98023,USA
09/07/14 0:00,495000,3,2,2660,192099,1,0,0,4,2660,0,1964,0,43600-43610 244th Ave SE,Enumclaw,WA 98022,USA
09/07/14 0:00,215000,3,1,1200,7280,1,0,0,4,1200,0,1967,0,4503 S 256th St,Kent,WA 98032,USA
09/07/14 0:00,741500,2,2.5,2150,5760,1,0,0,3,2150,0,2010,0,12468 240th Pl NE,Redmond,WA 98053,USA
09/07/14 0:00,749000,3,2.75,2820,5348,2,0,0,3,2820,0,2008,0,12070 166th Pl NE,Redmond,WA 98052,USA
09/07/14 0:00,659950,4,2.75,3510,9400,2,0,0,3,3510,0,2014,0,6504-6618 NE 1st St,Renton,WA 98059,USA
09/07/14 0:00,530000,3,2.5,1790,3078,2,0,0,3,1790,0,2010,0,4528 W Lake Sammamish Pkwy SE,Issaquah,WA 98027,USA
09/07/14 0:00,749000,4,2.75,2700,6000,2,0,0,4,2100,600,1910,0,1925 Walnut Ave SW,Seattle,WA 98116,USA
09/07/14 0:00,2321000,5,4.75,5780,17004,2,0,0,3,4260,1520,2006,0,9403 SE 33rd St,Mercer Island,WA 98040,USA
09/07/14 0:00,595000,4,3.25,3730,4560,2,0,0,3,2760,970,2013,1923,2318 N 60th St,Seattle,WA 98103,USA
09/07/14 0:00,487000,4,2.5,2540,5001,2,0,0,3,2540,0,2005,0,6732 Mars Ave S,Seattle,WA 98108,USA
09/07/14 0:00,760000,4,2.25,3300,8365,3,0,0,3,3300,0,2014,0,7335 35th Ave SW,Seattle,WA 98126,USA
09/07/14 0:00,1240000,5,3.5,5430,10327,2,0,2,3,4010,1420,2007,0,6151 168th Pl SE,Bellevue,WA 98006,USA
09/07/14 0:00,435000,4,2.5,2550,5200,2,0,0,3,2550,0,2009,0,576 Field Pl NE,Renton,WA 98059,USA
09/07/14 0:00,374950,3,2.25,1390,1484,3,0,0,3,1390,0,2007,0,8548 Nesbit Ave N,Seattle,WA 98103,USA
09/07/14 0:00,440000,3,1.5,1270,1413,3,0,0,3,1270,0,2007,0,1018 NE 96th St,Seattle,WA 98115,USA
10/07/14 0:00,360000,4,2.5,2380,5000,2,0,0,3,2380,0,2005,0,22840 SE 269th St,Maple Valley,WA 98038,USA
10/07/14 0:00,879000,4,2.5,3360,22111,2,0,0,3,3360,0,1994,0,24142 SE 18th Pl,Sammamish,WA 98075,USA
10/07/14 0:00,1550000,5,4.25,6070,171626,2,0,0,3,6070,0,1999,0,29433 SE 15th Pl,Fall City,WA 98024,USA
10/07/14 0:00,505000,2,1,1240,57000,1,0,0,3,1240,0,1962,2003,21014 SE 14th Pl,Sammamish,WA 98075,USA
10/07/14 0:00,545000,2,2,2930,14057,1,0,2,4,1680,1250,1980,0,22514 101st Ln SW,Vashon,WA 98070,USA
10/07/14 0:00,600000,2,2.5,2410,102366,1,0,0,4,1940,470,1912,1989,31600-31726 SE Issaquah-Fall City Rd,Fall City,WA 98024,USA
10/07/14 0:00,775000,6,2.75,2980,5000,1.5,0,0,3,2480,500,1916,1986,5428 Kirkwood Pl N,Seattle,WA 98103,USA
10/07/14 0:00,725000,2,1.75,1950,2719,1,0,0,5,1010,940,1919,1934,3609-3615 Whitman Ave N,Seattle,WA 98103,USA
10/07/14 0:00,610000,4,2.75,2600,36583,1,0,0,5,1580,1020,1976,0,21301-21399 SE 19th St,Sammamish,WA 98075,USA
10/07/14 0:00,350000,4,1,1170,8147,1.5,0,0,3,1170,0,1959,1989,3611 NE 137th St,Seattle,WA 98125,USA
10/07/14 0:00,410000,3,1,1470,6500,1,0,0,4,1470,0,1953,1983,14429 22nd Ave SW,Burien,WA 98166,USA
10/07/14 0:00,639000,4,2,1840,5419,1,0,0,4,920,920,1942,1982,3051 36th Ave W,Seattle,WA 98199,USA
10/07/14 0:00,439000,4,2,1560,7500,1,0,0,4,1560,0,1968,0,14206 119th Ave NE,Kirkland,WA 98034,USA
10/07/14 0:00,499950,4,1.75,1520,7700,1,0,0,4,1520,0,1967,0,14812 113th Ave NE,Kirkland,WA 98034,USA
10/07/14 0:00,800000,3,2.75,2220,4000,2,0,0,3,1700,520,1914,2000,1718 32nd Ave,Seattle,WA 98122,USA
10/07/14 0:00,350000,4,2.5,2800,9538,2,0,0,3,2800,0,1993,0,2110 S 373rd Ct,Federal Way,WA 98003,USA
10/07/14 0:00,279000,2,1,670,6300,1,0,0,5,670,0,1942,0,9716 33rd Ave SW,Seattle,WA 98126,USA
10/07/14 0:00,290256,3,2.25,1720,7885,2,0,0,3,1720,0,1983,2009,32237 7th Ave SW,Federal Way,WA 98023,USA
10/07/14 0:00,355000,3,2.5,2110,4038,2,0,0,4,2110,0,1989,0,23884 140th Ln SE,Kent,WA 98042,USA
10/07/14 0:00,263000,3,1.75,1580,9187,1,0,0,3,1180,400,1993,0,27621 221st Ave SE,Maple Valley,WA 98038,USA
10/07/14 0:00,880000,6,2.5,2640,3680,2,0,0,5,1760,880,1922,1956,3008 38th Ave SW,Seattle,WA 98126,USA
10/07/14 0:00,426500,4,2.5,2700,6515,2,0,0,3,2700,0,1998,2006,18563 173rd Way SE,Renton,WA 98058,USA
10/07/14 0:00,735000,3,2.5,2820,8159,2,0,0,3,2820,0,2004,2003,3243 NE Mulberry St,Issaquah,WA 98029,USA
10/07/14 0:00,720000,4,2.5,3340,8930,2,0,2,3,3340,0,1999,0,35505 SE English St,Snoqualmie,WA 98065,USA
10/07/14 0:00,265000,3,2.5,1530,6000,2,0,0,4,1530,0,1991,0,22923 SE 282nd St,Maple Valley,WA 98038,USA
10/07/14 0:00,840000,4,3.5,3840,85728,2,0,0,3,3840,0,1998,2006,615 289th Ave NE,Carnation,WA 98014,USA
10/07/14 0:00,657500,3,2,2320,10960,1,0,0,3,1510,810,1956,2001,12423 NE 6th Pl,Bellevue,WA 98005,USA
10/07/14 0:00,850000,5,2,2310,13430,1.5,0,0,4,2310,0,1966,0,3200 102nd Ave NE,Bellevue,WA 98004,USA
02/05/14 0:00,436110,3,2.5,1770,1235,3,0,0,3,1600,170,2007,0,1156 N 93rd St,Seattle,WA 98103,USA
08/05/14 0:00,589900,2,3,3160,66646,2,0,0,3,3160,0,1993,0,22819 NE 166th St,Woodinville,WA 98077,USA
12/05/14 0:00,620000,3,1.5,1620,6630,1,0,0,3,1280,340,1954,2005,2822 NW 90th Pl,Seattle,WA 98117,USA
16/05/14 0:00,254000,4,2,1510,4235,1,0,0,3,1510,0,1955,2005,3015 S Graham St,Seattle,WA 98108,USA
05/06/14 0:00,375000,3,1.75,960,8106,1,0,0,3,960,0,1962,2003,13780 NE 77th Pl,Redmond,WA 98052,USA
06/06/14 0:00,455000,4,2.25,1740,8449,1,0,0,4,1170,570,1958,1972,16204 SE 2nd St,Bellevue,WA 98008,USA
06/06/14 0:00,445000,4,2,1470,8395,1,0,0,4,1470,0,1965,0,16720 NE 23rd Pl,Bellevue,WA 98008,USA
07/06/14 0:00,568500,4,2.5,2460,4200,2,0,0,3,2460,0,1998,2006,547 240th Ave SE,Sammamish,WA 98074,USA
11/06/14 0:00,352500,3,1.75,1170,8182,1,0,0,3,1170,0,1962,2003,14737 28th Ave NE,Shoreline,WA 98155,USA
24/06/14 0:00,342500,2,1.75,1210,7507,1,0,0,3,1210,0,1982,0,8101 NE 120th St,Kirkland,WA 98034,USA
25/06/14 0:00,299950,3,2.5,1870,7942,2,0,0,3,1870,0,1990,2009,4313 S 289th Pl,Auburn,WA 98001,USA
01/07/14 0:00,425000,3,2.5,1950,5689,2,0,0,3,1950,0,2009,0,9416 Templeton Ave SE,Snoqualmie,WA 98065,USA
09/07/14 0:00,561000,4,2.5,2570,5250,2,0,0,3,2570,0,1990,2009,3654 254th Ave SE,Issaquah,WA 98029,USA
27/05/14 0:00,455500,3,2,1460,10311,1,0,0,4,1460,0,1975,0,8208 138th Ave NE,Redmond,WA 98052,USA
24/06/14 0:00,400000,3,2.5,2970,23100,1,0,0,3,1510,1460,1967,2011,15351 NE 202nd St,Woodinville,WA 98072,USA
20/06/14 0:00,443500,4,2.5,2040,21781,2,0,0,3,2040,0,1994,0,4290 326th Ave NE,Carnation,WA 98014,USA
20/06/14 0:00,1234582,5,3.25,3240,6551,1.5,0,4,4,2500,740,1939,1989,6851 51st Ave NE,Seattle,WA 98115,USA
22/05/14 0:00,370000,4,2.75,3150,67518,1,0,0,4,2250,900,1965,0,10867-11003 SE 295th St,Auburn,WA 98092,USA
22/05/14 0:00,475000,3,2.25,1820,8008,1,0,0,3,1240,580,1981,2013,17202 NE 134th Pl,Redmond,WA 98052,USA
08/07/14 0:00,580000,4,2.5,2130,35752,1,0,0,3,1490,640,1980,0,3814 231st Ave SE,Sammamish,WA 98075,USA
06/05/14 0:00,518000,3,1.5,1430,8000,1,0,0,4,1430,0,1956,0,2527 154th Ave SE,Bellevue,WA 98007,USA
09/05/14 0:00,525000,3,2.5,2030,6970,2,0,0,4,2030,0,1991,0,3913 255th Pl SE,Issaquah,WA 98029,USA
24/06/14 0:00,236000,4,2.75,2000,5827,2,0,0,3,2000,0,1997,0,26546 236th Pl SE,Maple Valley,WA 98038,USA
10/06/14 0:00,278500,4,2.25,1940,6206,2,0,0,3,1940,0,1990,2009,32900 19th Ave SW,Federal Way,WA 98023,USA
23/06/14 0:00,205425,2,1.75,880,6780,1,0,0,4,880,0,1945,0,11440 69th Pl S,Seattle,WA 98178,USA
01/07/14 0:00,248000,3,1,950,9400,1,0,0,4,950,0,1954,1979,3920 153rd Ave SE,Bellevue,WA 98006,USA
23/05/14 0:00,505000,3,2.25,1670,1596,2,0,0,3,1220,450,2002,0,3019 30th Ave W,Seattle,WA 98199,USA
22/05/14 0:00,657500,3,2.5,2670,10496,2,0,0,3,2670,0,1989,0,1917 235th Ct NE,Sammamish,WA 98074,USA
10/07/14 0:00,670000,3,2.5,2700,1438,2,0,0,3,1280,1420,2003,0,746 Boylston Ave E,Seattle,WA 98102,USA
01/07/14 0:00,202000,1,1,590,833,1,0,0,4,590,0,1926,1993,701-711 26th Ave,Seattle,WA 98122,USA
02/05/14 0:00,440000,4,2.25,2160,8119,1,0,0,3,1080,1080,1966,1913,12211 SE 65th St,Bellevue,WA 98006,USA
26/05/14 0:00,690000,4,2.5,2700,8810,2,0,0,3,2700,0,2004,2003,11659 168th Ct NE,Redmond,WA 98052,USA
08/05/14 0:00,375000,6,2.25,3206,5793,2,0,0,3,3206,0,2012,1912,25921-25929 35th Pl S,Kent,WA 98032,USA
20/05/14 0:00,291000,3,1.75,1560,9788,1,0,0,3,1560,0,1964,2000,12816 84th Ave S,Seattle,WA 98178,USA
16/06/14 0:00,230000,3,1.75,1400,6956,1,0,0,4,1400,0,1957,2001,10642 SE 200th St,Kent,WA 98031,USA
22/05/14 0:00,850000,4,3.25,3090,6744,2,0,4,3,3090,0,2013,1923,19117-19123 Richmond Beach Dr NW,Shoreline,WA 98177,USA
01/06/14 0:00,84350,4,2,2630,16475,2,0,0,4,2630,0,1953,1983,9033 NE 32nd St,Yarrow Point,WA 98004,USA
23/06/14 0:00,12899000,3,2.5,2190,11394,1,0,0,3,1550,640,1956,2001,5426 40th Ave W,Seattle,WA 98199,USA
08/05/14 0:00,2110000,4,1,2100,9200,1,0,0,3,1050,1050,1959,1989,14070 Military Rd S,Tukwila,WA 98168,USA
05/05/14 0:00,2199900,4,1.5,1120,5427,1,0,0,3,1120,0,1969,2014,19009-19021 SE 266th St,Covington,WA 98042,USA
14/05/14 0:00,188000,4,2.75,3260,19542,1,0,0,4,2170,1090,1968,0,1525 79th Pl NE,Medina,WA 98039,USA
03/07/14 0:00,26590000,3,2,1180,7793,1,0,0,4,1180,0,1992,0,12005 SE 219th Ct,Kent,WA 98031,USA
06/05/14 0:00,7800,2,1,780,16344,1,0,0,1,780,0,1942,0,4229 S 144th St,Tukwila,WA 98168,USA
02/05/14 0:00,237227.8571,4,2.5,2200,9397,2,0,0,3,2200,0,1987,2000,5214 S 292nd St,Auburn,WA 98001,USA
05/05/14 0:00,117833.3333,3,1,1340,306848,1,0,0,3,1340,0,1953,0,17827 Mountain View Rd NE,Duvall,WA 98019,USA
05/05/14 0:00,0,3,1.75,1490,10125,1,0,0,4,1490,0,1962,0,3911 S 328th St,Federal Way,WA 98001,USA
05/05/14 0:00,744312.5,4,2.5,2800,5900,1,0,0,3,1660,1140,1963,2008,7052 39th Ave NE,Seattle,WA 98115,USA
05/05/14 0:00,0,4,2.75,2600,5390,1,0,0,4,1300,1300,1960,2001,2120 31st Ave W,Seattle,WA 98199,USA
05/05/14 0:00,0,6,2.75,3200,9200,1,0,2,4,1600,1600,1953,1983,12271 Marine View Dr SW,Burien,WA 98146,USA
06/05/14 0:00,0,5,3.5,3480,36615,2,0,0,4,2490,990,1983,0,21809 SE 38th Pl,Issaquah,WA 98075,USA
06/05/14 0:00,439333.3333,3,3.5,3020,4082,2,0,0,3,2080,940,1954,2004,3401-3599 Arapahoe Pl W,Seattle,WA 98199,USA
06/05/14 0:00,280000,3,2.25,1970,11088,1,0,0,4,1180,790,1967,0,18738-18798 49th Pl NE,Lake Forest Park,WA 98155,USA
07/05/14 0:00,0,5,1.5,1500,7112,1,0,0,5,760,740,1920,0,14901-14999 12th Ave SW,Burien,WA 98166,USA
07/05/14 0:00,0,4,4,3680,18804,2,0,0,3,3680,0,1990,2009,1223-1237 244th Ave NE,Sammamish,WA 98074,USA
07/05/14 0:00,176225,3,2,1570,7200,1,0,0,4,1570,0,1952,0,1249 NE 168th St,Shoreline,WA 98155,USA
07/05/14 0:00,500324,3,2.5,2280,2289,2,0,0,3,1880,400,2006,0,579 Alpine Ridge Pl NW,Issaquah,WA 98027,USA
07/05/14 0:00,444845,3,2.5,1600,3573,2,0,0,3,1600,0,2013,1923,2821 NE 16th St,Renton,WA 98056,USA
07/05/14 0:00,330000,3,3,1680,1570,3,0,0,3,1680,0,2014,0,4117 Whitman Ave N,Seattle,WA 98103,USA
08/05/14 0:00,292285.7143,3,1.75,1890,13860,1,0,0,5,1890,0,1966,0,14405 SE 208th St,Kent,WA 98042,USA
08/05/14 0:00,160000,2,1,520,22334,1,0,0,2,520,0,1951,0,2802-2804 S 138th St,SeaTac,WA 98168,USA
08/05/14 0:00,274333.3333,3,2.25,1780,191228,2,0,2,3,1780,0,1988,2000,44400 SE 159th St,North Bend,WA 98045,USA
08/05/14 0:00,537500,4,3,2920,33976,1,0,3,5,1460,1460,1964,0,645 West Lake Sammamish Pkwy NE,Bellevue,WA 98008,USA
08/05/14 0:00,232333.3333,3,2.25,2430,73151,1,0,0,3,2430,0,1974,0,14221 W Lake Kathleen Dr SE,Renton,WA 98059,USA
08/05/14 0:00,237333.3333,3,2.75,3010,1842,2,0,0,3,3010,0,2011,0,2868 258th Pl SE,Sammamish,WA 98075,USA
09/05/14 0:00,346750,3,1,1620,30736,1.5,0,0,4,1620,0,1911,1977,16528 SE Newport Way,Bellevue,WA 98006,USA
09/05/14 0:00,0,2,2.5,2200,188200,1,0,3,3,2200,0,2007,0,39612 254th Ave SE,Enumclaw,WA 98022,USA
09/05/14 0:00,1020000,3,2.25,2950,78843,1.5,0,0,3,2950,0,2006,0,1918 202nd Pl SE,Sammamish,WA 98075,USA
09/05/14 0:00,0,4,2.25,2170,10500,1,0,2,4,1270,900,1960,2001,216 SW 183rd St,Normandy Park,WA 98166,USA
12/05/14 0:00,254000,3,1.5,1770,17208,1,0,0,3,1160,610,1959,1989,16726 SE 45th St,Bellevue,WA 98006,USA
12/05/14 0:00,238750,3,1,1830,8209,1,0,0,3,1830,0,1942,1999,15765 Simonds Rd NE,Kenmore,WA 98028,USA
12/05/14 0:00,268971.875,4,2.5,2380,7066,2,0,0,4,2380,0,1997,0,12625 SE 228th Ct,Kent,WA 98031,USA
12/05/14 0:00,642000,4,2.5,2550,10000,1,0,0,3,1290,1260,1964,2000,15003 NE 12th St,Bellevue,WA 98007,USA
12/05/14 0:00,571986.1111,3,2.5,3720,11610,2,0,0,3,3720,0,1982,0,21730 NE 29th St,Sammamish,WA 98074,USA
12/05/14 0:00,0,5,4.5,4630,6324,2,0,0,3,3210,1420,2006,0,6925 Oakmont Ave SE,Snoqualmie,WA 98065,USA
13/05/14 0:00,0,5,4,4430,9000,2,0,0,3,4430,0,2013,1923,9235 NE 5th St,Bellevue,WA 98004,USA
13/05/14 0:00,554250,3,2.5,1490,1709,3,0,0,3,1490,0,2004,2003,2703 NE 123rd St,Seattle,WA 98125,USA
13/05/14 0:00,0,4,4.5,5030,11023,2,0,2,3,3250,1780,2008,0,4140 Boulevard Pl,Mercer Island,WA 98040,USA
13/05/14 0:00,0,4,1.5,2180,22870,1,0,0,4,1280,900,1954,1975,31603 E Lake Morton Dr SE,Kent,WA 98042,USA
14/05/14 0:00,107500,4,1.5,1590,131551,1,0,3,4,1590,0,1966,0,23819 SE 384th St,Enumclaw,WA 98022,USA
15/05/14 0:00,300000,3,2,1510,7066,1,0,2,3,1230,280,1973,2013,10516 Victory Ln NE,Seattle,WA 98125,USA
15/05/14 0:00,0,4,3.5,4210,10308,2,0,0,3,4210,0,2006,0,2234 167th Ave SE,Bellevue,WA 98008,USA
15/05/14 0:00,540833.3333,3,2,1640,9972,1,0,0,4,1640,0,1977,0,25218 SE 31st Pl,Sammamish,WA 98075,USA
15/05/14 0:00,274750,4,2.5,1840,1562,2,0,0,3,1400,440,2004,2003,2414 SW Holden St,Seattle,WA 98106,USA
15/05/14 0:00,148612.5,3,1,1040,5000,1,0,0,3,1040,0,1959,1989,10050 19th Ave SW,Seattle,WA 98146,USA
16/05/14 0:00,326428.5714,3,1,1250,4800,1,0,0,4,1250,0,1951,1999,3809 SW Findlay St,Seattle,WA 98126,USA
16/05/14 0:00,0,5,3.25,3690,12353,2,0,0,5,3690,0,1977,0,19055 35th Ave NE,Lake Forest Park,WA 98155,USA
16/05/14 0:00,135333.3333,4,1,1530,7200,1.5,0,0,3,1400,130,1948,1994,5602 S Avon St,Seattle,WA 98178,USA
16/05/14 0:00,577437.5,4,2.5,2110,3750,2,0,0,3,2110,0,2000,0,6737 5th Ave NW,Seattle,WA 98117,USA
16/05/14 0:00,440825,3,1.75,2150,4333,1,0,0,3,1200,950,1956,2001,4319 SW Brandon St,Seattle,WA 98136,USA
19/05/14 0:00,195000,5,3.75,5340,10655,2.5,0,3,4,3740,1600,1912,1989,2601-2649 Shoreland Dr S,Seattle,WA 98144,USA
19/05/14 0:00,257500,4,1.75,2420,7672,1,0,0,3,1480,940,1979,2014,4473 192nd Ave SE,Issaquah,WA 98027,USA
19/05/14 0:00,692000,4,3.25,5010,34460,2,0,0,3,5010,0,1988,2000,6265 160th Ave SE,Bellevue,WA 98006,USA
19/05/14 0:00,176400,2,1,910,9612,1,0,0,4,910,0,1981,0,14116 SE 193rd St,Renton,WA 98058,USA
19/05/14 0:00,193000,3,1.5,2200,5000,1.5,0,0,3,2200,0,1932,0,2356 Rosemont Pl W,Seattle,WA 98199,USA
19/05/14 0:00,646212.5,4,2.5,3430,64441,2,0,0,3,3430,0,2013,1923,19585-19799 204th Ave NE,Woodinville,WA 98077,USA
20/05/14 0:00,268971.875,4,2.5,1860,6687,1,0,0,4,1220,640,1983,0,22027 117th Ave SE,Kent,WA 98031,USA
20/05/14 0:00,0,4,3.75,3300,4545,1.5,0,4,3,2600,700,1926,1999,3665 50th Ave NE,Seattle,WA 98105,USA
20/05/14 0:00,317061.875,3,1.75,1280,10716,1,0,0,4,1280,0,1969,0,14201-14211 146th Pl SE,Renton,WA 98059,USA
20/05/14 0:00,83300,3,2,1490,7770,1,0,0,4,1490,0,1990,0,26017 189th Ave SE,Covington,WA 98042,USA
21/05/14 0:00,0,5,2.25,2880,11965,2,0,0,4,2880,0,1990,0,25437 163rd Pl SE,Covington,WA 98042,USA
21/05/14 0:00,266066.6667,4,1,1310,5200,1.5,0,0,3,1160,150,1945,2010,7127 29th Ave SW,Seattle,WA 98126,USA
22/05/14 0:00,342246.4286,4,2.5,1980,7403,2,0,0,3,1980,0,1988,2000,3002 SW 349th Pl,Federal Way,WA 98023,USA
22/05/14 0:00,0,5,2.25,2000,7900,1,0,0,4,1300,700,1986,0,3202 S 194th St,SeaTac,WA 98188,USA
22/05/14 0:00,0,3,3,1860,7440,1,0,0,5,1040,820,1954,0,10744 62nd Ave S,Seattle,WA 98178,USA
22/05/14 0:00,0,4,3,1990,6180,2,0,0,3,1990,0,1990,2009,32706 20th Ave SW,Federal Way,WA 98023,USA
22/05/14 0:00,240015.3333,4,2.25,1720,8300,1,0,0,4,1720,0,1973,0,31510 41st Ave SW,Federal Way,WA 98023,USA
23/05/14 0:00,83300,3,2,1370,78408,1,0,0,5,1370,0,1964,0,24007 196th Ave SE,Covington,WA 98042,USA
23/05/14 0:00,316850,4,3,4060,35621,1,0,0,3,2030,2030,1989,0,32915 176th Ave SE,Auburn,WA 98092,USA
23/05/14 0:00,259585.5714,4,2.5,1960,9898,2,0,0,3,1960,0,2001,0,24330 130th Ave SE,Kent,WA 98030,USA
27/05/14 0:00,328211.9048,4,2.5,1720,9600,1,0,0,3,1120,600,1961,2004,1915 Ginko St SE,Auburn,WA 98092,USA
27/05/14 0:00,673476.8182,4,2.5,2740,12899,2,0,0,4,2740,0,1990,0,3148 234th Ct SE,Sammamish,WA 98075,USA
27/05/14 0:00,0,4,1,1360,13372,1,0,0,3,1360,0,1955,2005,18423 61st Pl NE,Kenmore,WA 98028,USA
27/05/14 0:00,425000,3,2.5,1870,5449,2,0,0,3,1870,0,2003,0,9032 NE 176th St,Bothell,WA 98011,USA
28/05/14 0:00,127160,2,1,720,4222,1,0,0,4,720,0,1942,1982,821 Edmonds Ave NE,Renton,WA 98056,USA
28/05/14 0:00,341750,3,2.25,2180,7741,2,0,0,3,2180,0,1986,0,4315 201st Ave NE,Sammamish,WA 98074,USA
28/05/14 0:00,178650,3,1.5,1430,8960,1,0,0,4,1430,0,1953,1983,14219-14231 11th Ave SW,Burien,WA 98166,USA
28/05/14 0:00,87500,2,1,780,6685,1,0,0,4,780,0,1948,0,311 L St SE,Auburn,WA 98002,USA
28/05/14 0:00,282508.8889,3,1,1180,5002,1.5,0,0,3,1180,0,1946,0,17022 5th Ave NE,Shoreline,WA 98155,USA
28/05/14 0:00,450385.7143,3,2,1300,3731,1,0,0,3,900,400,1993,0,7250 Rainier Ave S,Seattle,WA 98118,USA
28/05/14 0:00,435000,4,3,4260,18000,2,0,2,3,4260,0,2000,0,7436 SE 76th St,Mercer Island,WA 98040,USA
28/05/14 0:00,532500,2,1.75,2050,11900,1,0,0,4,2050,0,1950,1983,1149-1199 91st Ave NE,Bellevue,WA 98004,USA
29/05/14 0:00,408900,3,1.75,2930,19876,1,0,0,3,2030,900,1993,0,12542 NE 160th Pl,Woodinville,WA 98072,USA
29/05/14 0:00,156766.6667,2,1,1500,4120,1.5,0,0,3,880,620,1928,1954,220 Garden Ave N,Renton,WA 98057,USA
29/05/14 0:00,452500,5,3.5,5960,13703,2,0,2,3,4770,1190,1984,0,510 175th Pl NE,Bellevue,WA 98008,USA
29/05/14 0:00,308830.7692,2,1,810,4800,1,0,0,3,810,0,1919,2001,4611 51st Ave S,Seattle,WA 98118,USA
29/05/14 0:00,484991.6667,4,2.75,2320,4344,2,0,0,3,2320,0,2012,1912,4242 NE 2nd Ct,Renton,WA 98059,USA
30/05/14 0:00,287919.7826,2,1,1090,5000,1,0,0,4,730,360,1942,1982,8607 36th Ave SW,Seattle,WA 98126,USA
30/05/14 0:00,247875,2,1,1000,4776,1,0,0,4,1000,0,1942,1982,4557 14th Ave S,Seattle,WA 98108,USA
30/05/14 0:00,309487.5,3,2.5,2260,19821,2,0,0,3,2260,0,1994,0,17207 190th Ave SE,Renton,WA 98058,USA
30/05/14 0:00,173666.6667,4,1,1290,5000,1.5,0,0,3,1290,0,1957,2000,10022 19th Ave SW,Seattle,WA 98146,USA
30/05/14 0:00,237481.25,3,2,2120,7560,1,0,0,3,2120,0,1991,0,18600 135th Pl SE,Renton,WA 98058,USA
30/05/14 0:00,326983.3333,3,2.25,1490,4522,2,0,0,3,1490,0,2009,0,8008 NE 183rd St,Kenmore,WA 98028,USA
30/05/14 0:00,790000,4,2.5,2310,5100,2,0,0,3,2310,0,2013,1923,144 NW 103rd St,Seattle,WA 98177,USA
02/06/14 0:00,0,1,1,720,6000,1,0,0,3,720,0,1940,1996,1236 S Cloverdale St,Seattle,WA 98108,USA
02/06/14 0:00,678333.3333,3,2.5,1840,3035,1,0,0,3,920,920,1926,2003,4003 2nd Ave NE,Seattle,WA 98105,USA
02/06/14 0:00,542804.75,5,2.75,2910,36250,1,0,0,3,1590,1320,1977,2004,19720 SE 21st St,Sammamish,WA 98075,USA
02/06/14 0:00,723243.75,4,2.75,3270,12880,2,0,0,3,3270,0,2014,0,6839 126th Ave NE,Kirkland,WA 98033,USA
03/06/14 0:00,667781.25,5,2.75,3040,10257,2,0,0,3,3040,0,1993,0,5627 167th Pl SE,Bellevue,WA 98006,USA
03/06/14 0:00,108333.3333,3,1,1200,9936,1,0,0,4,1200,0,1969,0,23414 SE 269th St,Maple Valley,WA 98038,USA
03/06/14 0:00,0,5,2.75,2740,5616,1.5,0,0,5,1670,1070,1925,0,1013 NE 80th St,Seattle,WA 98115,USA
03/06/14 0:00,535000,4,2.25,2290,5350,2,0,0,4,2120,170,1958,1972,2523 42nd Ave W,Seattle,WA 98199,USA
03/06/14 0:00,596165.4286,4,2,2580,6000,1,0,0,5,1300,1280,1950,0,3449 Magnolia Blvd W,Seattle,WA 98199,USA
03/06/14 0:00,269187.5,3,1.75,1590,27200,1.5,0,0,4,1590,0,1926,1993,19827 SE Maple Valley Hwy,Maple Valley,WA 98038,USA
03/06/14 0:00,148612.5,3,1,1040,6860,2,0,0,3,1040,0,1942,1999,10120-10198 34th Ave SW,Seattle,WA 98146,USA
03/06/14 0:00,0,3,1,1300,6710,1,0,0,4,1300,0,1952,0,2760 72nd Ave SE,Mercer Island,WA 98040,USA
03/06/14 0:00,0,5,2.5,2090,4698,2,0,0,3,2090,0,1998,2006,27622 237th Pl SE,Maple Valley,WA 98038,USA
03/06/14 0:00,341166.6667,5,2.75,2670,3800,2,0,0,3,2670,0,2014,0,16301 SE 139th Ct,Renton,WA 98059,USA
04/06/14 0:00,132500,4,1,1540,115434,1.5,0,0,4,1540,0,1923,0,9138 S 208th St,Kent,WA 98031,USA
04/06/14 0:00,557125,4,2.75,3370,12447,2,0,0,3,3370,0,1991,0,14257 212th Dr NE,Woodinville,WA 98077,USA
04/06/14 0:00,228944.4444,3,1.75,1730,11325,1,0,0,5,1730,0,1972,0,23403 120th Ave SE,Kent,WA 98031,USA
05/06/14 0:00,592105.7143,3,2.5,1640,29970,2,0,0,3,1640,0,1992,0,3040 273rd Ave NE,Redmond,WA 98053,USA
05/06/14 0:00,535000,4,2.25,2980,8051,1.5,0,2,4,2020,960,1935,0,2550 Westmont Way W,Seattle,WA 98199,USA
05/06/14 0:00,420642.8571,3,2,1330,8100,1,0,0,4,1330,0,1969,0,13817 125th Ave NE,Kirkland,WA 98034,USA
05/06/14 0:00,132250,4,2.25,2192,12128,2,0,0,3,2192,0,2006,0,26429 106th Ave SE,Kent,WA 98030,USA
05/06/14 0:00,237227.8571,4,2.5,2068,7242,2,0,0,4,2068,0,1976,1992,30036-30116 42nd Pl S,Auburn,WA 98001,USA
05/06/14 0:00,440825,3,1.75,1980,6250,1,0,1,5,1090,890,1910,0,5256 42nd Ave SW,Seattle,WA 98136,USA
05/06/14 0:00,2560498.333,3,2.5,1710,1664,2,0,0,5,1300,410,2003,0,2826 21st Ave W,Seattle,WA 98199,USA
06/06/14 0:00,423050.9259,2,1,890,4590,1,0,0,3,890,0,1923,1998,332 NW 84th St,Seattle,WA 98117,USA
06/06/14 0:00,1337044.2,4,3.5,4280,9583,2,0,0,3,4280,0,2005,0,1415 108th Ave SE,Bellevue,WA 98004,USA
06/06/14 0:00,315368.7,3,2.5,3080,12476,2,0,0,3,3080,0,1990,2009,25221 235th Way SE,Maple Valley,WA 98038,USA
06/06/14 0:00,417985.7143,4,2.25,2070,7500,2,0,0,4,2070,0,1977,0,14025 93rd Ave NE,Kirkland,WA 98034,USA
06/06/14 0:00,723243.75,4,2.75,3010,7215,2,0,0,3,3010,0,2014,0,10611 Slater Ave NE,Kirkland,WA 98033,USA
09/06/14 0:00,259950,4,2,2030,9300,1,0,0,4,2030,0,1976,1992,14218 NE 67th Ct,Redmond,WA 98052,USA
09/06/14 0:00,0,4,3.75,4060,19290,2,0,0,3,4060,0,2002,0,21418 SE 5th Pl,Sammamish,WA 98074,USA
10/06/14 0:00,237333.3333,3,2.75,2340,16500,1,0,0,4,1500,840,1972,0,21600 SE 18th Pl,Sammamish,WA 98075,USA
10/06/14 0:00,426090,3,2.5,2340,5957,2,0,0,3,2340,0,1995,0,7821 NE 147th St,Kenmore,WA 98028,USA
10/06/14 0:00,458663.8889,2,1,1470,7137,1,0,0,3,1020,450,1941,1994,9736 Dayton Ave N,Seattle,WA 98103,USA
10/06/14 0:00,812650,4,2.5,3700,21755,1,0,4,3,2620,1080,1988,2000,4462 175th Pl SE,Bellevue,WA 98006,USA
10/06/14 0:00,135333.3333,4,1,1200,7200,1.5,0,0,3,1200,0,1944,0,6815 S 120th Pl,Seattle,WA 98178,USA
11/06/14 0:00,0,5,2.75,2910,53898,1,0,0,5,1510,1400,1979,0,13505 208th Ave NE,Woodinville,WA 98077,USA
11/06/14 0:00,0,5,2,1910,7200,1,0,0,4,1110,800,1951,1999,11620-11698 57th Ave S,Seattle,WA 98178,USA
11/06/14 0:00,0,3,2.5,2880,13500,1,0,4,5,1520,1360,1950,0,9243 NE 20th St,Clyde Hill,WA 98004,USA
11/06/14 0:00,0,5,2.75,3240,6863,2,0,0,3,3240,0,2013,1923,1301-1303 Monterey Ave NE,Renton,WA 98056,USA
12/06/14 0:00,387884.6154,3,1.75,1590,8219,1.5,0,0,5,970,620,1938,0,12632 93rd Pl NE,Kirkland,WA 98034,USA
12/06/14 0:00,437500,5,3.5,3690,11928,2,0,0,3,2540,1150,2006,0,114 210th Ave NE,Sammamish,WA 98074,USA
12/06/14 0:00,641633.3333,3,2.5,2480,5137,2,0,0,3,2480,0,2000,0,13202 NE 92nd Way,Redmond,WA 98052,USA
12/06/14 0:00,681965.7813,4,2.5,2683,40386,2,0,0,4,2683,0,1987,0,10821 151st Ave NE,Redmond,WA 98052,USA
12/06/14 0:00,229629.5,2,1,1100,8281,1,0,0,4,1100,0,1947,1988,1206 NE 155th St,Shoreline,WA 98155,USA
12/06/14 0:00,0,4,1,2080,3500,1.5,0,0,5,1260,820,1926,0,6506 40th Ave SW,Seattle,WA 98136,USA
12/06/14 0:00,210614.2857,3,2.5,2210,10119,1,0,0,4,1450,760,1966,0,1121 E Guiberson St,Kent,WA 98030,USA
12/06/14 0:00,790000,4,3.25,2420,4000,1.5,0,0,5,1870,550,1911,1984,4039 4th Ave NE,Seattle,WA 98105,USA
12/06/14 0:00,435500,3,3.5,1240,1666,2,0,0,3,1000,240,2008,0,5922 44th Ave SW,Seattle,WA 98136,USA
13/06/14 0:00,738190.8571,3,2.5,2300,3060,1.5,0,0,3,1510,790,1930,2002,7349 17th Ave NE,Seattle,WA 98115,USA
13/06/14 0:00,497333.3333,3,1.75,1760,12874,1,0,0,4,1230,530,1967,0,12926 SE 23rd St,Bellevue,WA 98005,USA
13/06/14 0:00,300000,3,2,2020,8555,1,0,0,4,1220,800,1957,2001,13545 39th Ave NE,Seattle,WA 98125,USA
15/06/14 0:00,1036200,4,3.25,2500,5801,1.5,0,0,3,1960,540,1926,2003,1502 Parkside Dr E,Seattle,WA 98112,USA
16/06/14 0:00,163785.7143,2,1,760,5500,1.5,0,0,3,760,0,1947,2012,11023 4th Ave S,Seattle,WA 98168,USA
16/06/14 0:00,351250,4,1.75,1580,5340,1,0,0,3,1130,450,1947,2012,214 20th Ave S,Seattle,WA 98144,USA
17/06/14 0:00,645325,3,2.5,2670,10481,2,0,0,3,2670,0,2003,0,6901 123rd Ave NE,Kirkland,WA 98033,USA
17/06/14 0:00,171224.8,3,1,1140,8366,1,0,0,5,1140,0,1943,0,3108 SE 6th St,Renton,WA 98058,USA
17/06/14 0:00,0,5,3.75,3870,8225,2,0,0,3,3870,0,1998,2006,101-127 247th Ave SE,Sammamish,WA 98074,USA
17/06/14 0:00,540000,3,2.75,2750,18029,1,0,2,5,1810,940,1978,0,4708 154th Pl SE,Bellevue,WA 98006,USA
17/06/14 0:00,233166.6667,3,2,1570,7000,2,0,2,4,1050,520,1971,0,429 Randolph Ave,Seattle,WA 98122,USA
17/06/14 0:00,329333.3333,3,1.75,1160,22470,1,0,0,4,1160,0,1976,1992,18124-18204 83rd Ave NE,Kenmore,WA 98028,USA
17/06/14 0:00,225279.4286,3,2.25,2110,7665,1,0,0,4,1360,750,1973,0,32744 30th Ave SW,Federal Way,WA 98023,USA
17/06/14 0:00,331366.6667,3,2.5,1270,2509,2,0,0,3,1270,0,2004,2003,2492 SW Webster St,Seattle,WA 98106,USA
17/06/14 0:00,460886.9231,4,2.5,3250,4500,2,0,0,3,3250,0,2009,0,5221 NE 7th Pl,Renton,WA 98059,USA
18/06/14 0:00,337945.75,2,1,940,9839,1,0,0,3,940,0,1910,2006,4100 SW Othello St,Seattle,WA 98136,USA
18/06/14 0:00,0,4,1.5,2310,68824,2,0,0,4,2310,0,1968,0,29656 232nd Ave SE,Black Diamond,WA 98010,USA
18/06/14 0:00,243069.2308,3,1,1130,12519,1,0,0,3,1130,0,1958,2004,834 Lynnwood Ave NE,Renton,WA 98056,USA
18/06/14 0:00,0,6,3,3020,13783,2,0,0,3,3020,0,1952,2002,4115 85th Ave SE,Mercer Island,WA 98040,USA
18/06/14 0:00,690408.6207,4,2.5,3210,14910,2,0,0,3,3210,0,1995,0,110-112 209th Pl SE,Sammamish,WA 98074,USA
19/06/14 0:00,592105.7143,3,2.5,2650,40705,2,0,0,3,2650,0,1994,0,7047 208th Ave NE,Redmond,WA 98053,USA
19/06/14 0:00,220083.3333,3,1.75,1150,8079,1,0,0,4,1150,0,1983,0,12021 SE 251 Pl,Kent,WA 98030,USA
19/06/14 0:00,280000,3,3,3910,19023,2,0,0,3,3910,0,1985,0,31751 NE 110th St,Carnation,WA 98014,USA
19/06/14 0:00,297857.1429,4,2.5,3490,5000,2,0,0,3,3490,0,2003,0,16102 SE 251 St,Covington,WA 98042,USA
19/06/14 0:00,950833.3333,5,3,3330,19126,2,0,0,4,2610,720,1977,0,6100 93rd Ave SE,Mercer Island,WA 98040,USA
19/06/14 0:00,323833.3333,4,1,1940,5753,1.5,0,0,3,1940,0,1947,2012,12234 1st Ave NW,Seattle,WA 98177,USA
19/06/14 0:00,309000,3,2.5,1800,2700,2,0,0,3,1800,0,2011,0,2803 SW Bataan St,Seattle,WA 98126,USA
20/06/14 0:00,248400,3,1.75,1880,11249,1,0,0,3,1330,550,1985,0,2431 T St NW,Auburn,WA 98001,USA
20/06/14 0:00,994500,4,2.25,2870,6280,1.5,0,0,4,1980,890,1905,0,1517-1519 17th Ave E,Seattle,WA 98112,USA
20/06/14 0:00,0,4,2.5,1960,11600,1,0,0,5,980,980,1931,0,506 21st St SE,Auburn,WA 98002,USA
20/06/14 0:00,0,4,1,1810,7500,1,0,0,2,1410,400,1959,0,12231 Occidental Ave S,Seattle,WA 98168,USA
22/06/14 0:00,0,2,2.25,1490,6770,1.5,0,0,3,1490,0,1926,2003,4921 28th Ave S,Seattle,WA 98108,USA
23/06/14 0:00,0,3,4.5,5230,17826,2,1,4,3,3740,1490,2005,0,7455 W Mercer Way,Mercer Island,WA 98040,USA
23/06/14 0:00,288500,5,2.5,3390,9760,1,0,0,5,1750,1640,1978,0,15224 SE 175th Pl,Renton,WA 98058,USA
23/06/14 0:00,379509.1667,2,1,880,6413,1,0,0,3,880,0,1950,2005,3429 49th Ave SW,Seattle,WA 98116,USA
23/06/14 0:00,180785.7143,2,1,2550,21675,1,0,1,4,1610,940,1958,1972,22320 11th Ave S,Des Moines,WA 98198,USA
23/06/14 0:00,950100,4,2.5,3160,13194,2,0,0,5,3160,0,1965,0,6135 79th Ave SE,Mercer Island,WA 98040,USA
24/06/14 0:00,0,4,5,4550,18641,1,1,4,3,2600,1950,2002,0,425 E Lake Sammamish Pkwy SE,Sammamish,WA 98074,USA
24/06/14 0:00,542500,5,2.75,3831,13800,2,1,4,3,3831,0,1959,1980,6208 SE 22nd St,Mercer Island,WA 98040,USA
24/06/14 0:00,362750,2,1.75,1240,3000,1.5,0,0,3,1240,0,1906,2014,150 NE 55th St,Seattle,WA 98105,USA
24/06/14 0:00,234975,4,2.75,2520,14021,2,0,0,3,2520,0,1999,0,28509 NE 149th Pl,Duvall,WA 98019,USA
24/06/14 0:00,672500,4,2.25,2420,10200,2,0,0,4,2420,0,1973,0,8516 SE 78th St,Mercer Island,WA 98040,USA
24/06/14 0:00,391400,4,1.75,1250,7400,1,0,0,5,1250,0,1959,0,1039 165th Pl NE,Bellevue,WA 98008,USA
24/06/14 0:00,0,3,2.75,1310,7300,1,0,0,3,1310,0,1957,2000,16232 SE 10th St,Bellevue,WA 98008,USA
24/06/14 0:00,198995,3,1,1410,8053,1,0,0,4,1410,0,1951,1999,10320 Dibble Ave NW,Seattle,WA 98177,USA
24/06/14 0:00,278900,3,1,990,9798,1,0,0,3,990,0,1968,1997,13101 NE 193rd Pl,Woodinville,WA 98072,USA
24/06/14 0:00,171758.3333,3,1,1000,8512,1,0,0,3,1000,0,1991,0,3402 261st Pl SE,Enumclaw,WA 98022,USA
24/06/14 0:00,325187.5,3,1.75,2000,7560,1,0,0,4,1300,700,1968,0,12621 SE 187th Pl,Renton,WA 98058,USA
25/06/14 0:00,190368.75,2,1,1120,5650,1,0,0,3,1120,0,1944,0,7414 S 118th Pl,Seattle,WA 98178,USA
25/06/14 0:00,375000,5,3.25,3370,7947,2,0,0,3,3370,0,2001,0,1826 4th St,Kirkland,WA 98033,USA
25/06/14 0:00,216000,3,2.75,2210,4000,2,0,0,3,2210,0,2008,0,10915 243rd Ave NE,Redmond,WA 98053,USA
25/06/14 0:00,0,5,3.5,2640,6895,2,0,0,3,2640,0,2001,0,34529 SE Jay Ct,Snoqualmie,WA 98065,USA
25/06/14 0:00,360500,3,2.5,1150,887,3,0,0,3,1150,0,2007,0,10703 Greenwood Ave N,Seattle,WA 98133,USA
26/06/14 0:00,677099.5652,4,2.5,2150,27540,2,0,0,3,2150,0,1997,0,3046 Quail Creek Way NE,Redmond,WA 98053,USA
26/06/14 0:00,405125,4,2.75,4230,31747,2,0,0,4,4230,0,1985,0,14323-14347 155th Ave NE,Woodinville,WA 98072,USA
26/06/14 0:00,289987.5,3,1.75,1570,15330,1,0,0,3,1080,490,1956,2001,15821 4th Ave SW,Burien,WA 98166,USA
26/06/14 0:00,264270,3,2.5,1630,7700,1,0,0,3,1120,510,1978,0,9812 S 239th Pl,Kent,WA 98031,USA
26/06/14 0:00,602761,4,2.5,2770,10274,2,0,0,3,2770,0,1989,0,3823 242nd Ave SE,Issaquah,WA 98029,USA
26/06/14 0:00,251555.5556,3,1,1750,7800,1,0,0,4,1150,600,1956,0,16004 7th Ave SW,Burien,WA 98166,USA
26/06/14 0:00,214750,3,1.5,1090,8160,1,0,0,3,1090,0,1967,2014,16430 125th Ave SE,Renton,WA 98058,USA
26/06/14 0:00,258125,2,1,930,7740,1,0,0,3,930,0,1924,2011,11020 34th Ave NE,Seattle,WA 98125,USA
26/06/14 0:00,0,4,2,2100,4857,2,0,0,3,2100,0,1965,1984,4500 NE 171st St,Lake Forest Park,WA 98155,USA
27/06/14 0:00,677099.5652,4,2.5,2540,38677,2,0,0,3,2540,0,1987,2000,7238 221st Ave NE,Redmond,WA 98053,USA
27/06/14 0:00,0,2,1,810,8424,1,0,0,4,810,0,1959,0,30401-30499 8th Ave SW,Federal Way,WA 98023,USA
27/06/14 0:00,0,2,1.5,1520,8040,1,0,0,5,1520,0,1951,0,11533 22nd Ave NE,Seattle,WA 98125,USA
27/06/14 0:00,167500,1,1,690,1950,1,0,0,3,690,0,1928,1954,7554 14th Ave NW,Seattle,WA 98117,USA
27/06/14 0:00,471500,4,3,2370,3672,1.5,0,0,5,1650,720,1916,0,6811 16th Ave NE,Seattle,WA 98115,USA
28/06/14 0:00,0,4,4.25,3500,8750,1,0,4,5,2140,1360,1951,0,12725 8th Ave NW,Seattle,WA 98177,USA
29/06/14 0:00,464600,2,1,840,3400,1,0,2,4,840,0,1924,0,2423 11th Ave W,Seattle,WA 98119,USA
30/06/14 0:00,132250,4,2.25,1830,8734,2,0,0,4,1830,0,1991,0,12116 SE 261st Ct,Kent,WA 98030,USA
30/06/14 0:00,433111.1111,3,2.25,1370,1524,3,0,0,3,1370,0,2005,0,902 N 95th St,Seattle,WA 98103,USA
30/06/14 0:00,542500,5,2.75,2520,16100,1,0,3,4,1570,950,1960,2001,8336 Avalon Dr,Mercer Island,WA 98040,USA
01/07/14 0:00,0,2,2.25,2130,4920,1.5,0,4,4,1530,600,1941,1998,3428 60th Ave SW,Seattle,WA 98116,USA
01/07/14 0:00,368112.5,4,2.5,2590,8483,2,0,0,3,2590,0,1991,0,8917 NE 151st Pl,Bothell,WA 98011,USA
01/07/14 0:00,673476.8182,4,2.5,1820,20011,2,0,0,3,1820,0,1987,2000,22101 SE 28th St,Sammamish,WA 98075,USA
01/07/14 0:00,558653.8462,3,2.5,1530,3210,1.5,0,0,5,1010,520,1928,1970,8519 28th Ave NW,Seattle,WA 98117,USA
02/07/14 0:00,0,4,2.5,4080,18362,2,0,2,4,4080,0,1983,0,2710 95th Ave NE,Clyde Hill,WA 98004,USA
02/07/14 0:00,168333.3333,2,1,1050,6600,1.5,0,0,3,1050,0,1964,2000,13407 8th Ave S,Burien,WA 98168,USA
02/07/14 0:00,268971.875,4,2.5,1954,4805,2,0,0,3,1954,0,2005,0,19320 113th Ave SE,Kent,WA 98031,USA
02/07/14 0:00,318000,2,1.75,1530,3503,1,0,1,4,830,700,1916,0,1922 11th Ave W,Seattle,WA 98119,USA
02/07/14 0:00,550607.1429,4,2,1660,4800,1.5,0,0,3,1660,0,1922,2008,4007 Woodland Park Ave N,Seattle,WA 98103,USA
02/07/14 0:00,1288333.333,6,4.5,3830,4800,3,0,0,3,3050,780,1919,2004,2425 3rd Ave W,Seattle,WA 98119,USA
02/07/14 0:00,584000,3,1.75,1490,1036,2,0,0,3,1090,400,2008,0,4304B 36th Ave W,Seattle,WA 98199,USA
02/07/14 0:00,0,3,1,1520,9030,1,0,0,3,1520,0,1956,2001,2533 155th Pl SE,Bellevue,WA 98007,USA
02/07/14 0:00,0,5,6.25,8020,21738,2,0,0,3,8020,0,2001,0,2 Crescent Key,Bellevue,WA 98006,USA
02/07/14 0:00,245000,3,3,2470,7410,2,0,0,5,1860,610,1977,0,8833 Earl Ave NW,Seattle,WA 98117,USA
03/07/14 0:00,287919.7826,2,1,870,4600,1,0,0,4,870,0,1942,1982,8506 37th Ave SW,Seattle,WA 98126,USA
05/07/14 0:00,672500,4,2.25,2110,12653,2,0,0,4,2110,0,1972,0,7490 85th Ave SE,Mercer Island,WA 98040,USA
06/07/14 0:00,454790,2,1.75,1990,4000,1,0,0,5,1090,900,1952,1998,8215 Stone Ave N,Seattle,WA 98103,USA
07/07/14 0:00,282508.8889,3,1,1560,7552,1,0,0,4,910,650,1948,0,228 NE 174th St,Shoreline,WA 98155,USA
07/07/14 0:00,473200,3,1.5,1740,4200,1.5,0,0,4,1640,100,1920,0,6714 4th Ave NW,Seattle,WA 98117,USA
07/07/14 0:00,406062.5,2,1,1290,4650,1,0,0,4,1290,0,1906,1990,312 NE 81st St,Seattle,WA 98115,USA
07/07/14 0:00,282766.6667,4,2,1700,8640,1,0,0,3,850,850,1955,2010,3706 140th Ave SE,Bellevue,WA 98006,USA
07/07/14 0:00,486445.8333,3,1.75,1880,10032,1,0,0,4,1880,0,1984,0,13345 SE 55th Pl,Bellevue,WA 98006,USA
07/07/14 0:00,486895,3,1,1890,3330,1.5,0,0,4,1390,500,1901,0,4324 Dayton Ave N,Seattle,WA 98103,USA
07/07/14 0:00,430277.7778,3,2.25,1620,1075,3,0,0,3,1540,80,2009,0,972 4th Ave NE,Issaquah,WA 98029,USA
08/07/14 0:00,229629.5,2,1,770,8149,1,0,0,3,770,0,1948,1994,16040 28th Ave NE,Shoreline,WA 98155,USA
08/07/14 0:00,0,4,2.25,2890,18226,3,1,4,3,2890,0,1984,0,3227-3399 Mountain View Ave N,Renton,WA 98056,USA
08/07/14 0:00,182805,3,1,1040,8892,1,0,0,4,800,240,1958,1972,1028 SW 307th St,Federal Way,WA 98023,USA
08/07/14 0:00,380680.5556,4,2.5,2620,8331,2,0,0,3,2620,0,1991,0,13602 SE 186th Pl,Renton,WA 98058,USA
08/07/14 0:00,396166.6667,3,1.75,1880,5752,1,0,0,4,940,940,1945,0,3529 SW Webster St,Seattle,WA 98126,USA
08/07/14 0:00,252980,4,2.5,2530,8169,2,0,0,3,2530,0,1993,0,37654 18th Pl S,Federal Way,WA 98003,USA
08/07/14 0:00,289373.3077,3,2.5,2538,4600,2,0,0,3,2538,0,2013,1923,5703 Charlotte Ave SE,Auburn,WA 98092,USA
09/07/14 0:00,210614.2857,3,2.5,1610,7223,2,0,0,3,1610,0,1994,0,26306 127th Ave SE,Kent,WA 98030,USA
09/07/14 0:00,308166.6667,3,1.75,1510,6360,1,0,0,4,1510,0,1954,1979,501 N 143rd St,Seattle,WA 98133,USA
09/07/14 0:00,534333.3333,3,2.5,1460,7573,2,0,0,3,1460,0,1983,2009,14855 SE 10th Pl,Bellevue,WA 98007,USA
09/07/14 0:00,416904.1667,3,2.5,3010,7014,2,0,0,3,3010,0,2009,0,759 Ilwaco Pl NE,Renton,WA 98059,USA
10/07/14 0:00,203400,4,2,2090,6630,1,0,0,3,1070,1020,1974,0,5148 S Creston St,Seattle,WA 98178,USA
10/07/14 0:00,220600,3,2.5,1490,8102,2,0,0,4,1490,0,1990,0,18717 SE 258th St,Covington,WA 98042,USA